0.00356476	0.013825814	0.012492385	0.012044054	0.0031403936	-0.0027984127	0.009011499	-0.002828385	0.008342183	0.019283144	-0.017131304	-0.0028759763	-0.009551881	-0.0056620887	-0.013842486	-0.01160131	-0.0009851152	0.0052396376	0.0011606808	0.012289432	-0.025348758	-0.008324891	0.004633553	0.03245592	0.013941679	0.1036521	0.012198378	-0.0060226037	-0.01827255	-0.012125514	-0.019206062	0.0020732733	-0.00023947035	-0.0019338507	0.021354564	0.031010037	-0.0015974141	0.020328326	-0.0030887295	-0.010281946	-0.02521061	-0.05719893	-0.01733028	-0.0028766135	0.018077003	0.037903685	-0.010801946	-0.007804847	-0.0019137686	-0.006042479	0.011562998	0.027041212	-0.0046040155	-0.009149126	0.0018810616	-0.018497897	0.021444306	-0.012147923	-0.1491549	-0.0004531756	0.02149008	-0.028782511	0.017309569	0.018027207	0.015517796	0.011291854	0.024999619	9.592265e-05	-0.0028302565	-0.026784852	0.004781832	-0.0028344328	-0.017548501	-0.0066141635	0.023572788	0.01784909	-0.0062332954	0.011530084	-0.04428394	-0.015900616	0.0004441381	0.008636038	0.0067553795	0.013376564	-0.021985805	0.017482318	0.01685024	-0.005066192	0.011303649	0.009686305	-0.00071300165	-0.0030720169	-0.018056376	0.10815066	-0.0015315345	0.0012656857	0.001921555	0.0024948742	0.002787021	0.040638525	-0.016703563	-0.02113668	-0.007312331	0.0056575253	-0.012255628	-0.017567128	-0.014605485	0.007199995	-0.00907875	0.009853988	-0.0296887	0.0009834565	0.0015510948	-0.006393978	-0.020766055	0.0057155085	0.0041970373	0.023450233	-0.0010096674	0.00765286	0.014182374	-0.0016824031	-0.012867103	0.005312422	-0.011079271	0.0075620413	0.0039504617	0.0012246231	0.012746929	0.013427277	0.0043063923	0.006791283	0.052752182	0.050829273	0.01345665	0.009229268	0.018055305	-0.0065087765	0.0104552535	0.005353559	-0.008001822	-0.013729185	-0.008260631	0.0069972216	-0.030416688	-0.008675355	-0.027811652	-0.007965985	0.004118375	0.0059809214	0.004747651	0.0015128483	-0.012607713	0.004116532	0.015543181	-0.0035371964	0.0042176293	-0.03059321	-0.0081378	-0.01294323	-0.0031449588	-0.00044010827	0.005041309	-0.011838525	0.012550663	-0.00011582921	0.002950387	-0.0047455337	-0.0043946444	-0.002819949	-0.0039358875	-0.015336052	-0.018430421	0.020346226	0.005883531	-0.008643535	-7.161626e-05	-0.016190024	0.009645587	0.008424	-0.02133509	0.018130088	0.009601478	-0.0052529573	0.0020679354	-0.039094966	-3.587703e-05	0.0060703475	-0.011653046	-0.00622403	-0.006643504	0.020486956	0.008096467	-0.007778658	-0.007636139	3.5647146e-05	0.004844055	0.0059759687	-0.023664117	-0.0031747753	-9.067605e-05	-0.009511113	0.01739181	-0.00213416	-0.019290194	-0.01563403	0.00020986052	0.011002763	0.0023176968	-0.0034997698	0.013930678	-0.044958573	-0.015241124	0.015490507	0.010207357	-0.013165402	0.001938899	0.03882509	-0.009692279	-0.002449967	0.024022175	0.007799115	0.007890507	-0.010659233	0.040199313	-0.005613016	-0.0145863695	0.034456413	-0.0065816925	0.015396754	-0.006289141	-0.0063217687	0.0059225373	-0.010165323	-0.009446326	-0.007908542	-0.02744812	0.033823814	-0.008683772	-0.006685112	-0.027332215	0.015814472	0.00472551	-0.032820355	0.007394234	0.036703948	-0.01929236	-0.0051709893	0.027653446	-0.03590917	0.01589352	-0.017644353	-0.0017936025	-0.0006661133	-0.0036554772	-0.0059906994	-0.014612016	-0.0027310636	-0.0039538783	0.007142534	0.0058958456	-0.0076244795	-0.00799851	0.00796741	-0.012532428	-0.005641053	-0.015504156	0.024898857	0.006437915	-0.0059285373	0.017994901	-0.005092119	-0.017841108	-0.002115432	0.008899269	-0.0012742197	-0.023312727	-0.020104261	0.0018159244	-0.010919109	-0.02640453	0.0020906914	0.060037117	-0.020551989	0.009062924	-0.0046586287	-0.027621657	0.01857812	-0.00090843	0.023143897	0.0049229865	0.035565943	-0.0035455918	-0.019828001	0.048616778	-0.008021145	-0.002942496	-0.015750956	-0.0064190417	0.010435738	
0.079237156	-0.06791613	0.094512135	0.05188941	0.026668062	0.041262325	0.0006330616	-0.04614793	-0.0120482715	0.003649122	0.035757706	-0.038125083	-0.020650228	-0.05426711	0.025021901	-0.025019309	-0.010951914	0.0246677	-0.043708425	-0.049730133	-0.022385592	-0.035103966	-0.019370949	0.04859665	-0.0062409774	0.26118758	-0.09991608	0.00014586591	-0.02757284	-0.010325367	-0.06946862	0.003128506	-0.02016282	-0.067472935	-0.027971432	0.037125822	-0.06727791	0.04298986	-0.022305233	0.010401047	-0.04866794	-0.14885895	-0.039331403	-0.037580695	-0.04835857	-0.021261549	-0.037767213	-0.04993296	-0.048389267	0.020300776	-0.009462464	-0.015756918	0.043311387	-0.01678094	-0.0037500386	-0.040801127	0.051022414	-0.098712765	-0.12891816	0.07303983	0.051787097	0.10428947	-0.01681841	-0.074770264	0.09272522	0.014392314	0.004754144	-0.054283243	-0.025407255	0.017700652	-0.03066186	0.015793486	-0.045954037	0.019783555	0.014241372	-0.010508955	0.061528187	0.038701627	-0.05799963	0.029042734	-0.034831334	-0.07999818	-0.035668027	0.020622846	-0.016035207	0.006032095	0.033097375	-0.018793866	0.04548509	0.006649103	0.024985326	0.07388953	-0.027971936	0.05525154	-0.02411285	0.0679953	0.02496302	0.03778549	0.03812832	0.04091877	-0.014925991	-0.017619973	0.088732004	0.053226918	0.0384585	-0.054579135	-0.022228105	-0.044520456	-0.026718022	0.020799987	0.018127406	0.024896795	-0.003054763	-0.05225784	0.005155725	0.015476253	0.066753626	-0.010306836	-0.02829247	-0.041376743	0.07679263	-0.04462351	0.040677324	-0.017211402	0.041729648	-0.0059791305	0.013592149	-0.048418578	-0.058794137	-0.010622549	-0.013232734	-0.06706002	0.055158615	0.046047118	0.034219474	0.04092631	-0.051055044	0.044113442	0.01906349	0.039277747	-0.011136412	-0.1002799	-0.08306804	-0.1036159	-0.0025683162	-0.0091797225	0.01786656	-0.080601014	0.00019485876	-0.0041359686	-0.08219043	-0.04402956	-0.078633204	-0.032265063	0.021582844	-0.0037804032	-0.043439925	0.05034272	0.0007180758	-0.02158163	0.030640056	0.008318684	-0.013778836	-0.109489776	0.015570155	0.04516858	-0.054076325	-0.02102142	0.032786388	0.022425646	-0.0014639314	-0.03171994	0.036446754	0.030821173	-0.005232236	0.023934253	0.051685195	-0.0115791485	-0.12521619	-0.025542626	-0.061984356	-0.008885433	0.081863426	0.027217193	0.032436896	-0.06717244	-0.020863345	0.04606167	0.05393253	-0.10742396	0.017697461	0.13162166	0.019968549	-0.028090082	0.052029278	-3.305885e-05	-0.019374	0.0015668472	-0.026423149	-0.027823756	-0.0021433812	-0.01996869	0.088456355	-0.031321835	-0.016789937	-0.029697606	-0.009380958	-0.029731667	-0.03518306	0.0020356625	-0.026169734	-0.025723586	-0.0586797	-0.04537016	-0.008168631	-0.038779285	-0.027521549	-0.008874528	-0.03891571	-0.042973965	-0.1963199	-0.00979326	-0.022778472	-0.0901994	0.05087298	-0.053067565	-0.004944906	0.07228612	-0.080011845	0.03485843	-0.07729696	0.019751081	-0.014095858	0.034178518	-0.011659439	0.016033044	-0.07902377	-0.021422202	0.005702628	0.007362575	-0.05048049	0.08857602	-0.014328357	0.014306858	-0.056384582	0.025305456	-0.043844104	-0.0008063388	0.097335376	-0.14947544	-0.0040779416	-0.0035511188	0.027326286	0.03937887	0.06939534	-0.05805445	0.0019751864	-0.031461783	-0.010353549	-0.12172562	0.08228733	0.03827681	-0.002786557	-0.22871423	0.04263464	-0.017248679	0.035318553	-0.031731244	0.056550324	-0.030331576	0.09827736	-0.026234457	0.01685556	-0.021219892	0.016052676	0.035322268	0.12061172	0.094790645	0.00234406	0.022998279	-0.0132096335	-0.00880232	-0.04412946	-0.03953559	0.11138076	0.014206599	-0.03697185	-0.0014884594	-0.058301017	0.03306483	-0.0061317547	0.04536298	-0.015820792	0.015513833	-0.101558864	0.006639691	0.023621788	-0.027316002	-0.020045267	-0.059366044	
-0.012935123	0.1522724	-0.10802448	0.03590335	0.039603237	-0.002672886	0.034789104	0.07618183	-0.012490385	0.05164367	-0.00036354046	-0.0013605064	0.12838462	-0.052990746	-0.037907757	0.021469628	-0.002638615	-0.021055229	-0.06467229	-0.03817325	-0.0014294186	-0.17494535	-0.015824111	-0.012470451	-0.032818113	0.562549	0.01905779	0.03724369	-0.027130842	0.055322785	0.06789497	-0.035089824	0.09165614	-0.07865506	-0.00025424568	-0.24665451	0.017174318	-0.029564103	-0.03596142	-0.010870788	0.09401291	0.08890109	0.060478985	-0.010745852	-0.12493335	0.008648974	0.027471593	0.005859805	0.005855632	0.018164469	-0.0035838606	-0.06345765	0.080110565	-0.012792962	0.047946323	-0.0657208	-0.059651796	-0.015776822	-0.29165322	0.084112026	-0.089582235	-0.16949001	-0.015258619	-0.18981376	-0.17321022	0.03193187	-0.0911382	-0.030826764	0.17996435	0.08385863	0.08885753	-0.07021131	-0.05434123	0.059482176	-0.042259846	-0.035573885	-0.034816254	0.0064128907	0.08977177	-0.1784251	0.051460627	0.02664984	-0.073544994	0.010754422	0.02814583	-0.11370067	0.031924747	0.007952639	-0.040458288	0.043978818	-0.0026464746	0.09142215	-0.12238156	0.12574622	0.036293898	-0.14186755	0.054312717	-0.06443489	-0.012957456	0.08341184	-0.033909015	0.053484492	-0.030490937	-0.080244176	-0.105131686	0.014054716	0.0245388	-0.028075282	0.06871791	0.019964753	-0.023840217	-0.10582838	0.015973633	-0.023691261	-0.035071418	0.0036842155	0.006553714	-0.030075168	0.0013650504	-0.056455825	-0.008810914	0.04104136	-0.09085449	0.04031696	-0.034325127	0.047748588	0.02107384	-0.01089797	-0.060952153	0.076482095	-0.00816006	-0.04371285	-0.0795754	-0.05199249	-0.0026258482	0.16949292	-0.010045788	0.040929265	0.06166329	-0.04887325	-0.10202102	0.15624961	-0.06314131	-0.048811335	0.05428446	0.031957254	-0.06752318	-0.030328272	-0.024744598	0.03749077	0.10866744	-0.04863888	0.07042577	0.016174829	-0.04669072	-0.062161706	-0.019925637	0.061273966	-0.00054701994	0.044727717	-0.05378563	0.0141616855	-0.047627002	-0.040398493	0.06897959	0.04724865	-0.011551692	-0.040908165	-0.04378696	0.024578981	-0.1028727	0.04123759	-0.014513194	0.08789978	-0.029368464	0.08079472	0.0029270363	0.032444715	0.15175715	0.07950222	0.079392545	-0.031241914	-0.080218025	-0.03443086	0.038127683	-0.114175126	0.044061225	-0.15415539	-0.15441664	0.136652	-0.2118631	-0.089888535	-0.09768549	0.06332367	-0.05768149	-0.10470924	0.019819934	-0.06697304	0.006860406	-0.0060195103	-0.076823875	-0.068955645	-0.042868648	0.052592058	0.004676849	-0.0593396	0.068617985	0.0008344326	0.08705394	0.17454508	-0.10709689	0.09207615	0.03441738	0.0006382039	0.013314016	0.0022939595	-0.017679393	-0.22731431	0.0955359	-0.023270931	-0.12933335	-0.013210556	0.073460385	0.03003279	-0.15443534	0.11300235	-0.14625409	-0.11269069	-0.074176945	0.020711256	-0.022383612	-0.097112365	0.04311891	0.044397425	0.024453498	-0.040667146	0.035501383	-0.049842235	0.14386812	-0.008906377	-0.12440954	-0.09172113	-0.06669911	-0.075359784	0.024875978	-0.07596549	-0.025292926	-0.010139277	0.08355041	0.22770263	-0.050988503	0.043318275	0.046359483	0.012893441	-0.017879058	0.077654034	0.0016489183	0.06568234	0.041049466	-0.045728903	-0.020189209	-0.028491218	-0.06750974	-0.0844664	0.07179444	-0.046607368	-0.03830844	0.030905196	0.014860034	0.07262299	-0.087325566	0.09187463	0.08466386	-0.02724216	0.017704237	0.035315618	0.04055052	0.07090822	0.011248341	0.088814065	0.12651232	0.015196075	-0.04317397	0.005963544	0.20780796	-0.02404061	-0.02433789	-0.013257931	-0.046447486	-0.061581656	0.033943348	0.05943093	0.06626511	-0.00033337204	-0.063643254	-0.0079131825	-0.017254518	0.054160967	-0.039566796	-0.026062833	
0.08265547	-0.06902985	-0.17410229	-0.3358032	-0.058701936	0.074836135	0.28405994	0.38331968	0.20664816	-0.023500346	0.13324071	0.044696018	0.0201688	0.06495456	0.118435584	-0.08180835	0.20654981	0.18214928	-0.09624168	-0.23654161	0.05366528	-0.096071444	0.030757733	-0.17816277	-0.2560435	0.75930434	-0.13858238	-0.051569086	0.08274251	-0.09706435	0.041466273	0.014466255	-0.08122791	0.15669456	0.036328286	-0.0050825966	-0.16317208	-0.18626602	0.13361958	-0.1291104	0.17821124	-0.30505162	-0.09188125	0.0018074313	-0.052575458	-0.036531877	-0.04669989	0.12484491	-0.035702087	-0.14217123	-0.06429392	-0.30570886	-0.083614625	-0.051619936	-0.258338	-0.11164713	0.0023766658	0.08573641	-0.33054602	0.21187611	-0.058514033	0.011168509	-0.27611408	-0.2663988	-0.047880717	0.22607474	0.006125012	0.031124847	0.09016791	0.087280825	-0.13288951	-0.014857672	0.25342357	0.12579876	0.074314974	-0.088119574	0.1099664	0.023827659	0.10199172	-0.015195242	0.052156717	0.05057234	0.015278146	0.06375778	-0.023832154	0.03651203	0.36136842	0.103076555	-0.020056734	0.038069457	-0.12519565	0.03791289	-0.06896713	0.04371527	0.24545366	-0.080790415	-0.04842129	-0.16639914	0.027009249	-0.062193617	0.0841099	-0.137442	0.16208693	-0.057892375	0.19112442	-0.005162564	-0.015337653	0.008847709	0.027247824	-0.28565797	0.04731466	-0.123338684	-0.11309538	0.09481381	0.10142746	-0.031499907	0.0014954732	-0.30237913	-0.07855443	0.050979648	-0.14607708	0.10184512	0.10155608	-0.053441525	0.29361948	-0.12935053	-0.02710681	0.11670892	0.15291399	0.28442398	0.017115425	-0.048100553	0.052142072	0.1173083	-0.12605941	0.04998732	-0.11474143	0.20394543	0.04182958	-0.12098195	0.08864536	-0.03558623	-0.1997866	-0.036744077	-0.06725856	-0.07150365	-0.05486356	-0.059305523	-0.08903964	0.013086961	-0.2802156	-0.062710956	0.1750641	-0.043515027	-0.009845435	-0.033532146	0.076962076	0.25976962	-0.0025319848	0.00823056	-0.17564751	0.025273606	0.07910491	0.029067297	0.18103978	0.06800278	0.199228	0.17865218	-0.15838121	-0.15594651	0.054752942	-0.044102803	0.23525983	-0.012402203	-0.04475554	-0.0016133433	-0.02551318	-0.16557686	0.2411891	0.21411714	0.21166018	-0.040894646	-0.11113203	-0.042225927	0.09690348	-0.40847027	0.16206414	-0.028943047	0.020050677	-0.119528845	-0.077168204	0.15353951	0.08877052	0.051443398	-0.14581482	-0.06684864	-0.13656864	-0.08786851	0.0840103	-0.026642904	0.011156236	0.019718196	-0.16034205	0.058869682	0.14502244	-0.17770097	0.14782552	-0.3488223	-0.00097448204	0.026843753	-0.1698079	0.20160794	0.16982587	0.111103185	0.14550678	-0.060975626	-0.020889722	-0.09591536	0.036658492	-0.16962734	-0.32318234	-0.20263629	-0.18902995	0.14362268	-0.21854346	-0.13151032	-0.0063934135	0.052919853	-0.09298217	-0.07272005	-0.010661197	-0.09811503	0.20538403	-0.008680537	-0.038209178	0.007357371	0.13602391	0.1390755	-0.22372715	-0.07671976	-0.03550663	0.041366555	0.0026241464	-0.018826393	-0.081882186	-0.25561494	-0.21721198	0.056036025	-0.073861636	0.37347096	-0.039679375	-0.24187158	-0.048785493	0.028357748	0.08844874	-0.028647508	-0.025148917	-0.11269633	0.018535057	-0.19651808	-0.095068246	0.096722916	0.035219565	-0.13945396	0.008352343	-0.012885159	0.19267377	0.0984477	0.050120536	0.022049714	0.07623566	-0.15580644	0.18050747	-0.08661366	0.092369616	-0.011445386	-0.10956293	0.16328548	0.16213788	0.083213866	0.32229948	-0.1173475	-0.1131786	0.010164645	-0.12252845	-0.12599282	0.15549584	-0.10165605	-0.09715397	-0.12840037	-0.0128667895	0.046777584	0.041148193	0.046453122	-0.068860896	0.083643265	-0.14646561	0.086275	-0.30629906	-0.11016285	
-0.028070046	-0.2100592	-0.34547153	0.03295411	0.07715829	0.15654847	-0.14869922	0.19586137	-0.121502854	-0.08430399	-0.25041834	-0.12828724	0.08478757	0.05100442	0.12459151	0.06576324	0.12443328	-0.19033259	-0.18179329	-0.030558998	-0.10271153	0.049933445	0.18609306	-0.03658568	-0.266282	0.7721781	-0.07570405	-0.028705696	0.30298248	-0.017192027	0.09690784	-0.11770513	0.4203321	0.10613029	0.003117037	0.10032975	0.06931223	0.06339591	0.044458453	0.30669203	-0.07599825	0.0007436366	0.11872554	0.153944	-0.13775302	-0.25965515	0.05719729	-0.1804118	0.3201363	0.052762695	0.01460265	0.021677066	0.05917625	0.0046928218	-0.221829	-0.19121364	-0.15937866	-0.10603692	-0.2668667	-0.13298899	-0.09178274	-0.10386466	-0.10835715	-0.5076444	-0.004062251	-0.08650246	0.056279425	-0.11685043	0.07325608	0.013219651	0.16633737	-0.1011828	0.027798	-0.21958275	-0.041807674	0.028719492	0.100834936	-0.02545681	0.047901347	-0.20651856	0.10273967	0.13953333	0.027013706	-0.5119094	0.027577909	-0.27345926	0.011589033	-0.2365008	0.0036413614	0.17523232	0.023368385	0.15967715	0.21634515	0.24039707	-0.02177234	0.20812781	-0.1699136	0.16473499	0.10866046	0.0870126	-0.11064739	0.02513761	0.12285918	-0.08368087	-0.23111694	-0.38312802	0.27406698	0.039178908	0.27637357	0.008244421	0.044025958	-0.15469472	-0.088548526	0.1251586	0.16478366	-0.30063334	0.1500686	-0.14013512	0.08443161	0.078481905	-0.091913424	0.23394053	0.02496292	0.3527878	-0.13851768	0.0015179331	0.28436565	-0.06951757	0.048719	0.13851893	0.19871232	-0.1970391	-0.113848254	0.1294565	0.23406366	0.33818948	0.013753246	0.041265402	-0.26305234	0.0752242	0.0070107877	0.038026005	-0.25771442	0.22997457	0.0064746905	0.2792299	-0.11448167	-0.15494521	-0.11510333	0.11614563	0.25426963	-0.020292854	-0.16907999	0.06875177	-0.11398744	-0.10685859	-0.025879899	-0.23504557	-0.15226787	0.049400844	0.16279538	-0.16005743	0.08030819	0.030197678	-0.23171377	0.23568523	-0.2069829	0.14598095	-0.060183726	-0.07859968	0.024276333	0.10791742	0.057549108	-0.19854498	-0.08184596	-0.009864308	0.21026605	0.17193694	0.24327138	-0.1554799	0.104860894	-0.014617293	-0.0529521	-0.066157535	0.053732228	-0.3597004	-0.1354114	0.05900167	-0.4366219	-0.14634557	0.0116590345	-0.10299363	-0.16181062	0.04014479	0.014669761	-0.18722475	0.18922183	0.07201873	0.1258254	0.06474751	0.15129608	0.053659417	0.042852346	0.11568438	-0.04513443	0.14372386	-0.22574551	0.044171628	-0.11075329	0.0019401804	0.21142912	0.016729891	-0.15742892	-0.05723377	0.17995484	-0.13506745	-0.058331624	-0.10245383	-0.078290164	-0.22387774	0.109574534	-0.10528995	-0.13696428	0.07121501	0.14234135	-0.24690825	-0.21561871	-0.05099368	-0.148104	-0.13302182	-0.031746533	0.21588656	0.07414997	0.22256449	-0.15043594	-0.08692368	0.18371508	0.26893735	0.30032226	0.17758559	0.084261	0.22005327	-0.016900266	0.032887544	0.12874562	-0.24078563	-0.030810678	0.008501362	0.11495883	0.18014655	-0.3694442	-0.10096836	-0.15553376	0.02180816	0.24892032	0.14959626	0.07525774	0.104345866	-0.030452495	-0.06270959	-0.023270972	0.14193039	-0.067639716	-0.049279418	0.14174816	-0.0965432	0.36333248	0.20522223	0.012271845	0.14766611	-0.20418935	0.16432045	0.073826484	-0.29890844	0.10458132	0.15844592	0.04760427	0.09267864	0.061554823	-0.013326322	-0.07328106	0.23904079	-0.31890488	-0.12940358	-0.23327881	0.04516902	-0.09128717	0.036007598	-0.07863349	-0.003832611	0.090669766	-0.07363894	0.12827203	-0.15036488	-0.039868604	-0.0018945881	0.005235463	0.12853317	0.3415665	0.0068487925	
-0.24639918	0.2265848	-0.47445023	-0.111358784	-0.04476318	0.37982678	0.14197528	0.23975033	0.20331632	-0.059959993	-0.17801613	-0.3035528	-0.18354367	0.03193522	0.21386297	-0.02214262	-0.35386345	-0.15404777	-0.22532502	-0.15840699	-0.13204417	-0.20679107	-0.12366596	-0.3989568	-0.32478967	1.0601236	0.1967765	-0.15598379	-0.19008763	-0.11200571	0.019588938	-0.11633602	-0.041495156	-0.072969995	0.10355823	-0.020278784	0.07273846	-0.003069282	0.17159754	-0.052445523	0.1688659	-0.05571875	0.2778066	-0.038254853	0.19354478	-0.30499533	0.18142617	-0.07776473	-0.08681997	0.05298807	-0.07561405	0.23096271	0.45417073	0.10787871	-0.05419411	0.14275326	-0.09091456	-0.31232354	-0.40793526	-0.060274404	-0.37987292	-0.080766976	0.14355838	-0.36393407	-0.13309105	0.06702843	0.06979428	0.1228781	0.35155925	0.059638996	0.010228754	0.13325262	0.36283892	-0.10855763	-0.10436263	-0.08803963	-0.1791693	-0.10489872	0.088888556	-0.18596362	-0.120479405	0.11774344	-0.02859808	-0.19406001	-0.161431	0.050257538	0.03156646	-0.15903078	-0.17582886	0.35021293	-0.1790032	-0.05553249	0.4489435	0.32549855	0.14941029	-0.115854114	-0.0009065362	0.044550072	-0.15723059	0.13840337	0.038489107	0.12264517	0.14791949	-0.12516508	0.068963625	-0.6927138	0.15353134	0.25989243	0.17853749	-0.1138098	0.009963068	-0.0074048047	-0.004911364	0.18339661	-0.050946817	0.069121644	0.27324972	-0.05263969	-0.02874793	0.021280853	-0.1090594	0.26659936	-0.09500301	-0.088244684	0.022794496	0.1243452	-0.102210715	0.06943833	-0.25621533	0.2312384	0.019704152	-0.013244051	-0.15369476	-0.18540388	0.14019823	0.07835795	0.20492247	-0.16059534	-0.1253551	-0.021979956	0.0070979497	0.0900221	0.27924874	-0.032776967	0.32105982	0.37300166	0.12442413	-0.13482402	-0.12148689	0.18312028	0.13997848	0.062187526	-0.19401833	0.17380321	-0.3743087	0.036989164	0.19881898	0.13689417	0.15073052	-0.3628464	-0.050049346	-0.18519191	0.08458304	-0.19759494	-0.13242403	-0.09883917	0.17377375	0.06007244	-0.0794841	-0.29514876	-0.23848455	-0.06734274	-0.32409397	0.27761513	-0.22205813	0.07948096	0.03317008	0.28651404	0.0630838	0.20104986	-0.032894243	0.05182449	0.024135346	-0.21871069	-0.3070992	-0.5219032	-0.14778431	0.098408	0.047255415	-0.11103541	-0.05995007	0.048946988	-0.2288433	0.10183172	0.06551613	-0.11936922	-0.08901329	-0.10535573	0.24377681	-0.15886219	0.20382039	0.18722521	0.39010695	0.273247	0.23101337	-0.0729362	-0.0672283	-0.010882694	0.26884386	0.10075952	0.17084801	0.13061142	0.05817005	-0.093028024	0.04681922	-0.0058271196	-0.19140449	-0.19078025	0.07561862	0.15263861	-0.23454855	-0.19841357	-0.035726726	-0.08882149	0.10221547	-0.01066869	0.01624612	-0.29320756	0.12572587	-0.404962	-0.02479543	0.08099973	-0.1731355	-0.08805362	-0.05544442	-0.117909834	-0.10928146	0.084510945	0.28377607	-0.12882727	-0.09123956	0.016229536	-0.30916968	0.17150415	0.12657973	-0.39719948	-0.12799008	0.10554287	-0.02618251	0.014462273	-0.18771487	-0.41625723	-0.32059348	-0.38634306	-0.033298444	0.24751034	0.2720841	0.0450355	-0.11043936	-0.32216072	0.18013005	0.39663336	0.01585779	-0.08816646	0.2318865	-0.07520072	0.22744311	0.07480113	0.124658145	0.3365721	-0.22214283	-0.114549294	0.26885873	-0.1271083	0.22982515	-0.34252417	-0.31327605	0.023507038	-0.03799817	-0.1298413	-0.16041526	0.20405158	-0.091005765	-0.3155092	-0.15677762	-0.23093477	-0.30196077	-0.18857221	0.08832263	-0.107543565	0.073043704	0.07101448	0.15918905	0.13107127	-0.18301871	0.02855329	-0.07165079	0.09674365	0.01780978	-0.069825634	
0.19150147	-0.0589783	-0.25180143	-0.07361251	-0.07279669	0.04838051	0.03252139	-0.06826427	-0.031825133	-0.18664047	-0.1526373	-0.1984107	0.1405599	-0.028507445	0.11094993	0.07437459	-0.0021781162	-0.23200262	-0.13992918	0.32846302	0.1217522	-0.14075176	0.051364295	-0.079964004	0.16406916	1.0270643	-0.029232226	0.0059257736	0.24560928	-0.0018446133	0.14210212	0.058255605	-0.08637437	0.15740067	-0.22324896	0.015693488	-0.05666091	-0.049087998	0.13162866	-0.372321	-0.2898421	-0.2448257	-0.13554674	-0.091189	-0.042000342	0.0046567107	0.2648616	0.0703377	-0.016548337	0.19087918	-0.30654326	-0.033236563	0.2585632	0.12730925	-0.07656879	0.124587715	0.030790621	-0.12834388	-0.2629192	0.08331317	-0.1469121	0.082894176	-0.13788895	-0.043981463	-0.057319794	-0.2980069	-0.14331992	-0.10149519	0.09952742	0.32938138	0.17027798	0.029609721	0.02927857	-0.1744022	0.35669723	0.07828656	0.2798253	0.14125273	0.07042004	-0.10568692	0.14864936	-0.25238922	0.20405588	-0.21526408	0.12091188	0.1429282	0.027811712	0.11788324	0.2056395	0.118076265	0.00809803	-0.09145264	-0.40642032	0.12420952	-0.010673812	-0.29602772	0.058370244	0.03203693	-0.11676368	-0.060079787	-0.20625235	-0.033142935	-0.31914994	0.066004075	-0.019858629	-0.27505097	-0.04063269	0.19742107	-0.009298742	-0.16134368	0.011814707	-0.089817934	0.037761904	-0.053932957	-0.26966864	-0.06397966	0.014824276	-0.0932955	-0.17681384	-0.22487067	0.044610426	-0.15993503	0.17509875	-0.05270068	-0.07388576	0.03386085	0.025331477	0.16202459	-0.14236099	0.21108568	0.04496637	0.06921984	0.00094847224	0.07688421	-0.10736974	-0.06502236	-0.045686875	0.31022853	-0.15357749	0.07018857	-0.12164813	0.11784076	0.02156202	0.16440524	-0.40712178	-0.06688897	0.0095580565	0.107117906	0.0417728	0.13780394	0.05630929	0.25963485	-0.099730454	-0.12784183	0.14699472	0.13104947	0.077750154	0.33227107	0.13473359	-0.062029272	-0.13650486	0.16744736	0.09131048	0.1968611	-0.31573966	0.19023077	-0.019990232	0.0029805356	0.21151714	-0.13257423	-0.07583909	-0.007215152	-0.36462775	-0.14946227	-0.27545637	0.24620152	0.012483667	0.11951127	0.12948586	-0.27807313	0.044757627	-0.31652433	0.029807061	-0.11463061	-0.047521144	-0.6338706	0.07943616	0.1685379	0.19168054	-0.16305444	0.042570934	0.15554176	-0.22079109	-0.18435763	-0.038941924	-0.21927823	0.047262117	0.044741604	-0.06951686	0.06140924	-0.2095137	0.004295772	-0.112425365	0.05088924	0.19857116	-0.34908363	0.00070360536	-0.12361016	-0.20611992	-0.20267631	-0.024435649	0.2488586	-0.08774051	-0.06206949	-0.023564015	0.10983836	0.3398728	-0.2915554	0.15431571	-0.24664775	0.037110258	0.2849226	0.07734635	0.07954757	0.090006866	-0.05146667	-0.35339668	-0.06968367	0.044009436	-0.0025590449	-0.00036626353	0.26743874	0.4076021	0.23366438	-0.22126982	0.02633061	-0.0070184735	-0.08700547	0.07914756	-0.24967337	0.10861924	0.11206231	0.0573588	0.02753179	-0.08069209	-0.20743296	0.10973759	0.25988588	-0.041615747	0.3905	-0.2625475	-0.09146892	-0.10946297	-0.14968103	0.17638837	-0.052668188	0.1500655	-0.107361145	-0.1678298	0.36451253	-0.018981626	-0.033931963	-0.021442387	-0.368993	0.16644458	-0.06221949	-0.09288451	0.28924394	0.061377753	-0.052050196	-0.059762795	-0.00079392164	-0.1349508	-0.1141708	-0.007904033	0.16006456	-0.19684935	0.5019618	0.14037772	-0.28854394	0.38228354	-0.084160544	-0.3155531	-0.112793125	0.28202993	-0.08837551	-0.08278613	-0.25211304	-0.3454126	0.028369104	-0.056201547	-0.08740661	0.14643043	0.013295978	-0.092773914	0.08667913	0.13090579	0.08424578	-0.121185705	0.06858853	
-0.021208573	-0.012526385	-0.040604208	0.0057111774	0.037265602	0.24462292	0.005819173	-0.014682404	0.15552568	0.07882539	-0.10349828	0.13466926	0.0021946616	0.12444569	-0.15497486	-0.06535147	0.1610004	0.04732136	-0.076023236	-0.031067695	-0.19181496	-0.11687296	0.0881695	-0.1067159	-0.13904779	0.25569218	0.045314096	-0.030469848	-0.04871119	0.016030557	-0.14760992	-0.0034754802	-0.024536744	0.081972614	0.18734977	0.045668174	0.03508912	0.12673454	-0.053193115	-0.11331396	-0.1440796	0.1105596	0.028004361	0.05725623	-0.007836098	-0.043370474	0.042334612	-0.011485275	0.12233092	0.14704672	0.0022643916	-0.10625511	-0.035006978	0.01608007	-0.019491617	-0.19575322	0.048261873	0.023176856	-0.09744944	-0.12348799	-0.025395332	-0.14322558	0.060591653	0.016822387	0.06316612	0.029309994	-0.11783166	-0.011866848	-0.05662586	-0.11804022	0.013180007	0.0008847229	-0.07065618	0.041292164	-0.103492126	0.077311024	0.11920835	0.066164955	-0.016821709	-0.010574061	0.029665101	0.13828361	0.08893188	-0.12704423	-0.14218679	-0.10237057	-0.053941548	0.14809504	-0.0070393784	0.07996661	-0.03698758	0.09834366	0.19848113	0.121843316	0.071717404	-0.061444256	0.11199996	-0.014875587	0.11717938	0.045684673	-0.013919965	-0.017594885	-0.10437985	-0.07328291	0.12622635	-0.030267537	-0.004018369	0.0019358341	-0.01683466	0.122647196	-0.05564985	-0.10570941	-0.06921729	0.02386217	0.05526934	0.038839743	0.018390976	0.029930495	0.137536	0.083344	0.031445164	-0.016675597	-0.08871529	0.04888527	-0.09734879	-0.05078022	-0.13138837	-0.040300783	-0.020327572	-0.06333316	0.06393732	0.076889366	0.037804034	0.08960675	0.08773059	-0.088091835	0.026812572	-0.04091522	-0.07170352	0.12696746	0.050131742	-0.017262973	-0.14471644	0.012932511	-0.008847225	-0.05293775	0.12224267	-0.004113728	-0.069761865	-0.079004124	0.011512424	0.006347457	0.14416339	0.035700977	-0.13638422	0.032531194	0.103430584	-0.0947198	-0.085024506	-0.12892194	-0.14335458	-0.059990205	0.0077243447	-0.050299205	-0.19112341	-0.044287678	-0.0658996	-0.04364707	-0.064520724	-0.020179063	-0.009397497	0.026774123	-0.13853627	0.013466064	0.023877686	-0.10264993	0.020373762	0.08322168	-0.027477521	0.00718393	-0.109712966	-0.12397266	-0.038073476	-0.04980718	-0.037035216	-0.016873054	-0.03699844	-0.06849311	-0.18232697	-0.06860315	-0.09124655	0.21358575	0.0785377	-0.20230937	0.12913793	0.13763201	0.10116977	0.0594299	-0.051033176	0.064438134	-0.107389994	0.03532539	-0.04372475	-0.030008651	-0.10174513	-0.06412208	-0.030047938	-0.008913461	-0.08035257	0.07252693	0.11468708	0.050431848	0.03208126	0.12362323	0.06355095	-0.034692317	0.14152697	-0.0023795888	0.15697916	-0.04234463	-0.014294744	-0.06444742	0.018282788	-0.01821774	0.02904154	-0.11319987	0.052263528	0.15513027	-0.04528223	0.038922485	-0.032376222	-0.052578397	-0.03881266	0.092751384	-0.0298182	-0.080872685	0.12463367	0.11242424	0.09358101	0.03430243	0.028331436	-0.11823028	-0.09863977	-0.1273615	0.10603301	-0.053849954	0.15463904	-0.06601396	-0.038410902	-0.07730488	0.04415932	-0.08571858	0.06317079	-0.08562304	0.016681498	-0.09643476	0.013489685	-0.13628113	-0.014751819	0.0057852827	0.10956758	-0.024250984	0.1861947	-0.26013157	-0.046533767	0.005342449	0.11128664	0.018647123	0.08665042	-0.014780243	0.1216439	0.015017698	-0.056773245	-0.050396748	-0.05851846	-0.062424	-0.02834991	-0.11700651	0.04231426	-0.15854925	0.014639152	-0.08385466	-0.27216256	-0.04047657	-0.20057218	-0.050028205	-0.16549632	0.12321576	-0.11144317	-0.048975524	-0.006269768	-0.05076828	0.00730868	0.21271658	-0.038177334	0.0067002997	0.016040834	-0.050438866	-0.05942094	0.17744748	
0.008759987	0.13037387	-0.25165617	-0.20612864	-0.16674808	0.2181738	-0.08373855	-0.108678095	-0.04802407	0.020072721	-0.2281484	0.026788183	0.17232233	-0.40097353	0.04746725	0.14624465	-0.1008587	-0.2036638	-0.20623012	-0.14388318	-0.07171388	0.083328925	0.3717561	-0.3554959	-0.22554837	0.94831914	0.027825568	-0.14634012	0.012047601	0.08030716	0.20369041	-0.08865945	0.07580235	0.10502243	0.096429445	-0.030336278	0.003930119	-0.047127724	-0.12845597	0.0834475	-0.057202697	0.027506497	-0.17192014	-0.10935502	0.035465878	-0.16767567	0.12864263	0.3502092	0.054738548	0.11848014	-0.17052923	0.009301176	0.04471188	-0.0057671736	0.30332232	0.22946991	-0.022523256	0.124649055	-0.3985662	-0.020627271	-0.22824502	0.12624459	0.12911132	-0.061349083	-0.23528159	-0.24526003	-0.13091116	0.103285894	0.10569682	0.29541963	-0.031374253	0.0144833755	0.07578378	0.07495924	-0.02706125	0.18374059	0.08342731	0.021976937	0.10561091	-0.3616736	0.098545514	-0.11624935	0.13344103	-0.19784534	0.036990132	-0.20614477	0.082675636	0.013374164	-0.06588512	0.34277332	-0.021710662	-0.27420527	0.09281194	0.29797456	0.21669206	-0.22898902	0.067237735	-0.06467584	-0.120194376	0.11070555	-0.11310371	0.13400075	0.056152456	-0.14686972	-0.111173734	-0.48630178	0.24873713	-0.10001986	-0.25348932	0.084735215	-0.27926823	-0.14987618	0.040657964	-0.15301445	-0.049106054	-0.06845472	-0.44548962	-0.06531835	-0.2602697	0.1162992	-0.10041109	0.07268939	0.014701762	0.3488805	-0.049159814	-0.010934739	-0.08351142	-0.2351906	-0.09933224	0.38331446	0.22105217	-0.087248944	0.008476973	-0.20193571	-0.19972943	-0.096625395	-0.06520554	-0.03330146	-0.0072685396	-0.09239783	-0.23815203	-0.095268026	-0.10275461	-0.05528464	-0.12153586	0.27304748	0.16930202	-0.1870231	-0.039962523	0.27609485	0.0012688658	-0.2551425	-0.08875482	0.24919166	-0.07288112	-0.021034049	0.062803045	0.2739879	0.039071083	-0.2602974	0.0466354	-0.13089263	0.21560411	0.10703958	0.090949155	-0.045873735	0.06582171	-0.086972475	0.22442394	0.08538781	-0.023773715	-0.09231332	-0.2379412	-0.023882644	0.069044866	-0.003741508	-0.20652106	-0.08453493	0.24077024	-0.38059238	-0.10041963	-0.030708207	0.11956172	-0.20792057	0.32687366	-0.40503335	-0.16472916	-0.04195456	-0.124056384	-0.26988196	-0.13750315	0.09628485	-0.4164932	-0.0007149036	-0.05237851	-0.19481763	-0.112403326	-0.058094304	0.048672803	-0.12922324	-0.065249585	0.29612046	0.071171135	0.06989649	0.10720946	0.16957456	-0.11458953	0.014440661	-0.03137766	-0.0015286881	-0.081671335	0.15479821	0.29757866	0.11124412	0.076361135	-0.2149406	-0.16828153	-0.1470103	0.22449617	0.048625376	-0.28016564	-0.20888579	-0.027515352	0.1554841	0.22305204	-0.10901573	-0.3107284	0.073552944	-0.024996623	0.28942272	0.049213547	0.034119926	0.12778537	0.13171622	-0.037349287	0.13986172	-0.09646199	0.17387834	-0.14073241	-0.0010490647	-0.035678208	-0.019410862	-0.106746905	0.060234737	0.24964263	-0.14197332	0.049299456	-0.18634367	0.12502904	0.027591698	-0.06842056	-0.097154014	-0.44122455	-0.17232972	-0.004906034	-0.14103273	0.16299061	0.09861704	0.03951184	-0.093413346	-0.21155864	0.2671651	0.005695268	-0.19951864	0.15598525	0.30998424	0.3107325	0.17114918	0.09953356	-0.21716432	0.014601932	-0.07879737	-0.11911119	0.030951785	0.005056275	0.13640113	-0.15006381	0.08271572	0.09988447	0.09476891	0.1723813	0.10495617	-0.2174725	-0.33170363	0.15196286	-0.16254151	-0.04357522	-0.04034678	-0.07042919	-0.03335231	-0.12944126	0.2550121	0.13983884	0.19941562	-0.1881189	0.12972015	-0.29490402	0.019014347	0.04497738	0.0036628938	
0.12794112	0.22794303	-0.08536271	-0.047535032	0.36720228	-0.032697063	-0.26954606	0.12803823	-0.12853114	0.165136	0.12192673	-0.04711924	-0.030618547	-0.22103553	-0.18580423	0.15346853	0.11222243	0.16135876	-0.11302075	0.12353045	0.13228352	-0.10270983	-0.2128617	-0.16077812	-0.2552332	0.9028482	0.23371655	0.03970604	0.0905367	-0.022415958	-0.055781305	-0.1713068	-0.01882791	0.10795196	0.126823	-0.20299678	-0.040969897	-0.1348922	-0.2632195	0.20757681	0.0037095721	-0.2285926	-0.122820884	0.25743896	0.1125793	-0.117594935	-0.1806417	0.2041848	-0.038580943	0.25934452	0.15960431	-0.09065454	-0.2762299	-0.07533827	-0.3433418	-0.24166347	0.30312258	-0.0045629535	-0.31675914	-0.31666115	0.13379663	-0.052449677	-0.1338847	-0.43313393	0.22754906	0.29071465	-0.15105075	-0.088529296	0.15613976	0.26719514	0.22012694	-0.33286616	0.09348234	0.112676464	-0.21239609	-0.35097325	0.00281362	-0.037738897	0.38712355	-0.11780812	0.1316458	-0.23408061	-0.1973494	-0.20956793	0.0024238632	-0.1243977	0.06406132	0.049938608	0.07071098	0.13188787	0.23490046	0.08253448	-0.07018604	0.0004757549	-0.24543217	-0.026971499	-0.0016386128	-0.037085783	0.013718974	0.22086588	-0.3383826	0.3988066	-0.058340203	0.16532135	0.14248529	0.07202045	-0.12806705	-0.07987192	0.1404518	0.1474418	0.055533405	-0.22226897	-0.15962684	0.21313643	-0.08109909	-0.141041	0.081950665	-0.15805088	0.4014569	0.18069924	-0.013646739	0.26249194	0.41809282	-0.10550717	-0.065236084	0.11002454	0.12374136	0.0014684648	-0.25761914	0.016257301	-0.12975055	-0.27534848	0.15892157	-0.18050668	0.0068310266	0.20414153	-0.14612086	-0.07580191	0.11294628	-0.09144143	0.024968179	0.31896403	0.18287273	-0.19846098	-0.0072492906	-0.3013992	0.20504501	-0.12367212	-0.21411315	0.1796257	0.025695011	0.08123861	0.170839	0.2907073	0.12989783	0.30608007	0.10703537	0.029992716	0.041550864	-0.12828082	-0.23753993	-0.15786916	0.08291154	-0.11620374	0.032557532	0.06353244	-0.084029	-0.002572088	-0.4056256	-0.11229235	0.15402754	-0.26303318	0.33192533	0.054236144	-0.2004797	0.017489854	-0.1885423	0.24003392	0.36118597	-0.22303835	0.16894162	0.051361885	0.05476057	0.017565738	0.16199264	-0.6233291	0.16391279	0.04355548	-0.11213538	0.10540768	-0.2770812	-0.33011395	-0.071107656	-0.29995435	0.023531709	-0.31313944	0.03915667	0.03025151	0.21050234	0.1513667	0.1420676	0.011804033	-0.051751807	0.16938348	-0.05777903	-0.020205457	0.034435097	-0.17626603	0.39288652	-0.07845861	-0.17566247	-0.07989806	-0.15590104	0.088432916	0.025936294	0.13366936	-0.3190186	-0.13524143	0.06738846	0.004362168	-0.4183647	0.09522955	0.0341369	-0.29147562	-0.158661	-0.24336487	-0.23682767	0.3584236	0.08792281	0.07468544	-0.39200032	0.30678308	0.3321086	-0.105587795	-0.22045137	-0.037031237	0.048486546	0.039224163	-0.24227904	0.040353034	-0.00047610217	-0.028693853	-0.40993127	0.088990755	0.14994362	0.0055541745	-0.09107388	0.06340503	0.0051627215	0.33948672	-0.20168668	0.026531864	-0.18301827	-0.010132622	0.13228504	-0.027067754	0.084983476	-0.056299742	0.004674049	-0.09284659	-0.33574483	0.28368285	0.104981266	-0.25004584	0.07337772	-0.06470418	0.14078318	0.17227818	0.08059602	-0.21601032	0.16885033	0.2629702	0.0845998	0.028692031	0.028942065	0.039542776	0.16266613	0.15828395	0.0137306675	0.07667724	0.042521242	-0.29146603	-0.3652488	-0.13261446	0.037258897	-0.13398263	0.1924986	-0.05569166	-0.22925389	-0.015222935	0.061795127	0.13848333	-0.24965566	0.15566456	0.012708294	0.25791764	-0.21940847	-0.040364455	-0.10382367	0.010245199	
0.083447315	-0.106437534	-0.3500277	-0.12531665	-0.07743716	0.26107353	0.014418819	-0.029625159	-0.036722336	0.10195231	-0.06098207	0.25616696	0.026998498	0.025889028	0.22279705	0.13199124	0.10635879	0.18710382	0.040879395	-0.09739879	0.0677955	-0.099846125	0.12267181	-0.058892097	-0.05549837	1.0771791	-0.07828134	-0.011520478	0.1874888	0.113061555	0.037402805	-0.057020467	-0.0027403422	-0.14049265	-0.21978691	-0.21214522	0.26611817	0.14401959	-0.16589044	-0.03847792	-0.1073616	0.008804261	-0.13337608	0.11316757	0.01978582	-0.30835587	-0.097825	-0.03993085	0.09394388	-0.22616565	-0.023568638	-0.005875911	0.27486932	-0.05568321	-0.14004648	-0.12719223	0.0592824	-0.12269126	-0.4089341	0.2387369	-0.0716627	-0.1636183	0.05402758	-0.10818884	0.042486165	-0.00764538	-0.031248162	0.3025156	0.29431838	0.15981324	0.35428545	-0.17618184	0.027037954	0.31660393	-0.056383472	-0.10785615	-0.019693054	0.0814064	-0.11989835	-0.21449599	0.21211128	0.06166665	-0.116585076	0.04202131	0.12353619	-0.030379422	0.0452972	-0.09615997	-0.11361897	-0.11304175	0.11919459	0.18493651	-0.34002128	0.119785815	-0.021355744	-0.1815325	-0.09600508	0.099310644	-0.22303517	-0.034157015	-0.0755144	-0.14727148	-0.25407583	-0.13447507	-0.13062291	0.0002920398	0.055669487	-0.31980556	-0.17865326	0.22655115	-0.33564058	0.22279605	-0.045200665	-0.108792014	-0.059469033	0.14671206	0.054767665	-0.11038064	-0.09035859	-0.0021002754	-0.09721716	-0.17406283	0.11755786	0.15020882	-0.1145939	-0.011615914	0.003936817	0.038393606	0.15312672	-0.015630258	0.110659584	-0.016833311	-0.20430863	0.13409726	-0.13761064	-0.036614362	-0.03466611	-0.012577849	0.07924515	0.031699512	-0.2627783	-0.019133586	0.18168454	-0.032549538	-0.07517225	0.16337079	-0.10108451	0.048063964	0.15130585	0.05920038	0.089808986	0.067016214	0.052685253	0.046862327	-0.0051546195	-0.09094574	0.055236306	0.13462879	0.04795121	-0.06378081	-0.10134357	0.11495079	0.11363989	0.010674311	0.026313351	0.32448238	-0.05459855	0.055269893	-0.11546699	0.015644716	-0.23518875	0.0065741064	0.11139456	0.07256474	0.10556729	-0.080843985	-0.015473503	0.07404784	0.09278172	-0.034485105	0.020096207	0.0332323	-0.06875398	-0.09252241	0.008595556	-0.26011488	-0.18678963	0.035680253	0.15935005	-0.070894614	-0.39208338	-0.113862485	-0.034960855	-0.050924994	0.15682125	-0.22674055	0.18915048	-0.046217002	0.10239767	-0.121372886	-0.42923763	-0.16889894	0.15706155	0.1862728	0.19180954	-0.118018396	0.20434548	0.08479867	0.0020002925	0.08409214	0.030795235	0.12396895	0.14970714	-0.042134803	0.09251411	-0.03593993	-0.090912424	-0.028800195	0.33166036	-0.17063445	-0.19394502	0.09590891	0.06946052	0.14978921	-0.1309422	0.17057477	0.054977644	-0.49082297	0.07071733	0.22116609	-0.46933103	0.015459804	-0.0022944214	0.035434667	0.14608248	0.20626213	0.17188871	0.077366434	0.082783334	0.12727207	0.019075971	0.05329302	-0.042413615	-0.09877866	-0.048607916	-0.21254821	0.19211322	0.30569506	-0.0915261	0.45157984	-0.13605806	0.16337869	-0.06633075	-0.089280665	0.08626799	-0.049177565	0.39641514	0.13025972	0.00050051976	0.15736899	-0.052738428	0.07299412	0.36832342	-0.28615293	0.22067091	0.021697091	0.08307132	0.19337095	-0.022333901	0.08837239	-0.15007767	0.060644057	-0.025479775	0.079503596	0.22303271	0.16536401	-0.15745737	0.20250595	0.10787998	0.059267595	0.12607084	0.151728	-0.3618975	-0.016523061	-0.17021649	0.05308059	0.12249995	-0.17172435	-0.17962731	0.17804919	0.044794008	-0.06325371	0.08514018	0.08485899	-0.18180224	-0.17846787	-0.10137483	-0.22319461	0.15879175	0.11658464	
0.040002037	-0.33832875	-0.40844488	-0.03409403	0.25611883	0.16484177	0.06405756	0.12795064	-0.2626372	0.1842959	-0.010427876	0.13726877	0.33315262	0.1661012	0.013516145	0.0482314	-0.116270706	-0.16989386	0.33876517	0.15641184	0.15158069	0.07274206	-0.13691227	-0.19279735	0.071123734	1.031384	-0.015169814	0.29362667	0.07767957	-0.011195579	-0.049428195	-0.04233526	0.15567066	-0.17797099	-0.083008625	0.07230715	-0.1584502	0.041180722	0.15787643	-0.1490294	0.218633	-0.10752107	-0.067482136	0.2548899	0.21869422	0.004263727	-0.052740473	0.3266417	-0.021438664	-0.26518723	-0.37800112	0.022029866	0.15430301	0.10357398	0.33351314	0.14475726	0.26076907	0.12013814	-0.2710632	0.008899644	0.113981664	-0.6230951	0.082370624	-0.12930782	0.0076366425	0.07017458	-0.3839666	0.09870316	0.06422736	0.08340679	0.089584954	0.033562597	0.5122801	0.20220588	-0.103451915	0.043963127	-0.1787994	0.060208227	0.0055942964	-0.38250276	0.13735464	-0.15892957	-0.050220627	-0.36160618	0.34749722	-0.15415244	-0.055432845	-0.15536577	0.1426885	0.34210593	-0.0340327	-0.11284559	-0.065499574	0.4512479	-0.16332158	-0.33123395	0.15109351	-0.13774677	-0.3271989	-0.1883833	-0.27592832	0.06915212	0.2755741	0.14386588	0.023171142	0.15864274	-0.09187322	-0.02087538	0.20423521	0.018501904	-0.08271494	-0.014791268	-0.19411044	-0.143028	-0.21413837	0.30940855	0.22421826	-0.33291525	-0.32525936	0.039600875	0.014994866	-0.49233276	-0.04643012	0.08137417	-0.012846153	-0.053416483	0.18359321	-0.049645282	0.50949186	0.29052424	0.2158939	0.25613272	0.10989136	-0.33466125	-0.04973529	0.6005706	0.07431064	-0.17515372	0.052967604	-0.21833415	-0.20736772	-0.021488016	-0.2425918	0.011291157	0.16270952	0.0071263947	0.204843	-0.008139743	-0.4489749	0.7176138	-0.26348016	0.23617697	-0.034207806	0.29974294	-0.19239368	0.28627968	0.16195571	-0.3337423	-0.2888331	-0.06951055	0.21019483	0.15067674	0.02560432	-0.16726692	0.07510552	0.4731698	0.19936928	-0.14643677	-0.09741559	-0.14747289	-0.0050931973	0.2001065	-0.03372703	-0.28952578	-0.083876275	0.25720152	0.10088746	-0.013008469	0.19047844	0.08337436	0.23651613	-0.023610787	-0.08300061	-0.10544205	0.19521764	-0.4446945	-0.058367703	-0.22779384	0.10860035	0.21296711	0.14628242	-0.13114654	-0.111246474	-0.05169607	-0.02763885	-0.027083687	-0.13047504	0.039792657	0.0054429965	-0.16934589	0.04859049	0.050716497	0.07817192	0.035107456	0.099783756	-0.06605933	-0.06815828	-0.34543815	0.02959433	0.37812865	-0.34245622	-0.14153832	-0.2739867	0.0044003404	-0.40052786	-0.28847533	0.13786913	0.021296212	0.18304774	-0.16885306	-0.15378341	-0.08802496	0.04107043	0.25175473	-0.59580946	-0.23780148	0.16972788	0.30652142	-0.014467877	-0.42014825	-0.095442265	-0.0178384	0.02331311	0.3526501	0.069213964	-0.51571965	-0.14457493	0.23131618	0.10604611	-0.040085725	-0.13857317	-0.108845554	0.09376394	-0.06518975	0.13145164	-0.34136808	0.27190265	-0.10828508	0.13692258	0.23210448	-0.2038842	0.05033215	0.22665352	0.17734078	0.31371918	0.03213222	0.16683799	0.23488589	-0.02788874	0.056620106	0.03953675	0.43401176	-0.05380961	0.2855064	-0.07675841	0.14241423	0.2805858	0.17074037	0.008033084	-0.058008324	-0.17547236	0.22014102	-0.010776581	0.047776893	-0.048877355	0.2758404	-0.17187737	-0.019216036	-0.15378368	0.18305655	0.22905691	-0.016799359	-0.41501883	0.08432283	-0.016771767	0.2806722	-0.009949322	0.10085888	-0.15385944	-0.11414887	-0.07459108	0.14130217	0.27561364	0.18020993	0.020034136	0.24916813	-0.031677987	0.2416935	-0.19091383	-0.23821402	
0.01094876	0.030983044	-0.078202285	0.0010145884	-0.029574338	-0.0013368279	0.07122408	-0.07991253	0.021542298	0.05666831	-0.075185664	-0.08805411	-0.031593405	-0.027444448	0.0025994843	0.0955491	0.008845276	-0.06824474	-0.038876183	-0.0023265444	-0.07900039	-0.16081521	-0.034273587	-0.0326602	-0.077309914	0.22362766	-0.020994619	0.0060427757	0.22630823	0.16222326	0.0046494715	-0.13117361	0.06128972	-0.08673285	0.011182977	0.17461616	-0.14105317	-0.028384998	0.05614693	0.02906232	-0.14209291	-0.124662206	-0.10440639	-0.1250145	0.021028494	0.00080737844	-0.023890547	-0.0076353946	-0.008718925	0.08802185	-0.015465119	0.003104221	0.12667446	-0.042395495	-0.08006666	0.057411484	0.0121505335	-0.0010528937	-0.054079667	-0.06533903	-0.0120802345	0.027157066	-0.13298316	-0.051624537	-0.051782206	-0.0057064667	-0.012273599	-0.051062807	-0.00591252	-0.026778001	0.048301317	-0.0035903547	-0.114894785	0.015079381	-0.094796814	-0.03935849	-0.04982243	0.14620349	0.015661173	0.030425463	0.0042938087	-0.077074744	-0.0814369	-0.16722716	0.015908126	-0.07358135	-0.1055599	0.03749443	-0.009301178	-0.00033118576	0.06770457	0.023303296	-0.12391572	0.10661971	-0.0013464354	0.053461973	-0.028269257	0.0361259	-0.022583967	-0.00434924	-0.036845654	0.2273789	0.05010841	-0.084691286	-0.14707871	0.0022368683	0.08420588	-0.03805872	-0.015419122	-0.022320123	0.060614444	-0.017320646	-0.014688275	0.028991006	0.056331404	0.047328964	0.005734263	-0.037133634	-0.032713335	-0.12891524	0.04973717	-0.045162342	0.000994958	-0.0915206	0.00011745049	0.057015773	0.04451686	-0.13220619	0.048644695	-0.10173607	0.00087207556	0.02364394	0.0959258	0.10414475	0.005938503	0.0806439	-0.13508315	-0.023140134	0.04427549	0.04967694	-0.037957855	0.069603525	-0.11567505	-0.070141636	-0.20490523	0.06237634	0.12507214	-0.05191811	-0.056734122	-0.15094113	0.028790746	0.035418984	-0.09170468	-0.01436571	-0.0056778267	0.15804671	-0.06572912	0.018709932	0.21921928	0.07887432	-0.12739687	0.07524173	0.17140527	0.105932735	0.04508967	0.051142346	0.05989539	0.011016792	0.04856785	0.07086233	0.015209403	-0.057319187	0.04807731	-0.09273945	-0.022614658	-0.047901966	0.02609686	-0.03828627	0.045674972	-0.0067503434	-0.019379165	0.1053292	0.032855574	0.0087383175	0.12208421	-0.119865894	0.021889322	-0.20453487	-0.016152851	-0.07114186	0.17468543	0.0388431	0.032061283	-0.079007536	-0.03432326	-0.0060535595	0.16716152	-0.12833114	-0.0388135	0.06600782	-0.020214697	-0.013047135	-0.017453745	-0.030389817	0.015905717	-0.030445691	-0.07709657	-0.12295355	0.010253596	0.053382143	0.02635033	0.08126417	0.08072721	-0.010723706	-0.109335296	0.017326567	-0.015907265	0.058761455	-0.0059834505	-0.0028935932	0.031142432	-0.09069121	-0.04056293	0.041317172	0.069718175	-0.1380695	0.009564894	-0.038144305	-0.05293132	0.10439618	-0.024983533	-0.021647252	0.0074985884	0.0429403	-0.014334472	-0.045347825	0.056689702	0.064704604	-0.099796526	0.021710519	0.03596082	0.0011351597	-0.03836739	-0.24743783	-0.0789631	-0.023541212	0.05923921	-0.027605742	-0.011438122	-0.17575607	0.18667246	0.13746688	-0.05592805	0.110718064	-0.060992625	-0.085037485	-0.058108687	0.012622364	0.055651143	0.077472985	-0.15989117	0.040014483	0.06724121	-0.14277452	0.028418051	-0.009257762	0.048847374	0.024216514	-0.0039895587	0.08866852	0.20030472	-0.01185936	-0.010071149	-0.06680893	-0.05721671	-0.06694964	-0.021236876	-0.11449431	0.14319162	0.06330845	0.07578389	-0.0014322698	0.17587665	-0.11753193	-0.14171602	-0.020349031	0.11417881	0.07465553	-0.06487843	-0.0958004	-0.011835154	-0.16225958	0.022503583	0.109870315	0.029671967	0.05547778	-0.077575445	-0.13285959	0.07317772	0.075611465	
-0.09630273	-0.075614795	-0.121425346	0.28413942	0.22698367	0.014998052	0.03398676	0.078108266	0.05672973	0.040271472	-0.22053304	0.14550921	-0.11743941	0.2266671	0.0010133554	0.078647144	0.20826676	-0.19630222	0.44083142	-0.27921173	0.01799341	0.25001186	-0.008564418	0.023093456	-0.12212413	0.9067688	0.16611561	0.16671433	0.14552698	-0.24071611	0.39867836	-0.004601086	0.21049964	-0.2933543	0.14235534	0.024844479	-0.060116988	0.1574486	-0.080895886	-0.06456314	0.03147073	-0.11043066	-0.18085824	0.16140796	-0.05282411	-0.28404984	0.22493473	-0.06437023	0.053882785	-0.19828393	0.04999918	-0.20457348	0.12547848	-0.34716904	-0.12888338	0.13140133	0.061834086	-0.1760079	-0.36153036	0.21381515	-0.12662016	0.00998808	-0.103745796	-0.04404987	-0.1284965	0.037466325	0.05611438	0.08537796	0.061733156	-0.16405706	0.27163815	0.2245173	0.20632052	0.41808194	-0.18580978	-0.2555984	-0.11960663	0.012015851	0.069486044	-0.13014314	0.028302474	-0.07396997	0.38092786	-0.16285573	-0.0111371055	-0.23387896	0.16268264	0.101713724	0.06323836	0.14170584	-0.0843697	0.23265626	-0.17427963	0.44230115	0.043473918	-0.009226799	-0.040467527	0.14114012	0.08187352	0.21141294	0.0052337795	0.113813326	-0.14448331	-0.061110787	0.22654736	-0.13522105	-0.05115394	-0.054316375	-0.16541661	-0.19465713	-0.038000856	0.113608755	-0.30254185	0.018154567	0.08381042	0.104116835	-0.1166391	0.005024488	-0.26021528	0.1479594	-0.06609762	0.11017611	0.12147613	0.019421224	-0.19965549	0.13686328	-0.11209679	0.14091794	0.01366476	-0.06407323	0.085730575	-0.105356805	-0.062294926	-0.116839126	-0.016755361	-0.28290963	0.106947	-0.14389478	-0.1073946	-0.011858332	-0.14515767	0.01928523	0.039789002	0.15518242	-0.1440488	0.01441001	0.025707137	-0.11006863	0.04218071	0.071821675	0.15745743	-0.07285298	-0.19494328	-0.13343698	-0.20408164	0.15112057	0.1746128	-0.073173836	0.15078959	0.14175628	0.08498524	0.03331712	0.081848264	-0.1216754	-0.0013192224	0.17069519	0.019328704	-0.06525582	-0.06984994	-0.056490228	-0.15480712	-0.122508235	0.10933735	0.16034752	-0.07376525	0.08864768	-0.052261375	-0.072338715	0.05024006	-0.0057226997	-0.0006700583	-0.06924631	0.05219222	0.091158964	-0.055530846	-0.12229806	-0.117333576	-0.09121298	0.12989742	0.01627164	-0.019893654	-0.14509694	0.05694378	0.13036698	0.042771004	-0.28181216	0.05256204	0.08621712	0.036114648	-0.17229626	-0.05343586	-0.18713607	-0.0010209217	0.34461045	0.047633585	-0.17248018	-0.14560318	0.15454525	0.048898026	-0.10764849	0.19908096	0.1422691	-0.1254306	-0.028688584	0.05222439	-0.04796608	-0.0041958094	-0.15548614	-0.10202663	-0.06712517	-0.14710997	0.082167424	0.22264215	-0.01622395	0.088874705	0.23495087	0.22535169	-0.18294589	0.010567661	-0.122961976	-0.14662282	-0.071424805	0.046467926	0.14229712	0.110390976	0.136667	0.13714065	0.09201764	0.35591668	0.06665645	-0.0003837325	0.019954303	-0.093194306	-0.01822189	0.12566935	-0.12284618	0.06317304	0.058898255	0.22207873	0.40587074	0.1323538	0.2539337	-0.53425336	-0.04817352	-0.010621656	0.08750312	0.18790396	-0.08004208	-0.014447403	0.1585156	0.39750537	0.25634718	0.11338966	-0.21966144	0.06700353	-0.008798151	0.074915685	0.08509834	0.03573041	-0.1136978	0.060244787	0.21388748	-0.33765948	0.1073212	0.2537576	0.3058503	-0.28596658	0.025835425	0.17744127	0.22403766	-0.031213718	0.006576015	-0.18842	0.04819933	-0.21876821	-0.22707413	0.36368752	-0.26363578	-0.115021475	-0.12632075	-0.03587358	-0.020579843	0.098142855	0.0050245994	-0.015696073	0.20225157	0.16763534	-0.18025471	0.22504403	0.13887285	
0.02630729	-0.016014976	-0.19254881	0.07175387	-0.16981211	0.17100123	-0.014173061	-0.153003	0.022862568	0.09970778	0.0985171	-0.07366965	-0.18161687	-0.065825865	0.034850087	0.11911388	0.113425985	-0.03153053	-0.078579694	-0.101505935	0.033922356	0.036473606	-0.21499014	-0.04258747	0.18216564	0.8977509	-0.024145097	0.1434355	0.19349997	-0.024898205	-0.07118006	0.007401902	-0.08884677	0.014457293	0.21960227	0.052432436	-0.029609006	-0.020001855	-0.07218407	0.07395484	-0.10009729	0.11012618	0.18332288	0.30125466	0.09108147	-0.06001799	-0.041001763	0.13106143	0.0579623	0.1224325	0.0025094158	-0.0056165927	0.17726368	0.0050208834	0.24802057	-0.033173293	-0.12754366	0.0140843615	-0.39638808	-0.11442126	0.15056331	0.10865605	-0.026268182	0.21670002	0.057907827	0.05586546	-0.25651783	-0.020941177	0.10850446	0.064798884	0.11273037	-0.010291787	-0.14366856	0.026445774	0.05586926	0.016626986	-0.019994533	0.06689446	0.17208694	-0.10421288	-0.09492082	0.075062014	-0.19178724	-0.097320825	-0.09003591	-0.065075174	-0.15921742	-0.2876042	0.0353527	-0.028619744	-0.057489596	-0.037570238	0.041231297	0.3207412	0.06373654	-0.2529834	-0.15071693	-0.025836656	0.06626927	-0.283235	-0.06409458	0.09402676	0.07191834	0.100383006	-0.06810619	-0.21810623	-0.097420625	0.15224117	-0.15288796	0.046617053	-0.19260295	0.2539352	-0.07232103	0.1830688	0.05156227	-0.07931047	0.0022523962	-0.022704078	0.029689109	-0.004667921	-0.04694588	-0.26794255	0.11296754	0.016061472	-0.06994924	-0.050699793	0.17066006	0.018926999	0.18223959	-0.19849585	0.06833788	0.14509284	-0.006832648	0.0302458	-0.12412776	-0.011206873	0.20744753	0.13948101	0.05763763	0.17259997	-0.24929844	-0.118223965	-0.041186243	0.003820323	0.099196814	0.21394609	-0.15006253	-0.02114086	-0.0035016413	-0.1401905	0.07411116	-0.0023255197	-0.043248203	0.037250157	-0.25205162	0.052495558	-0.20621829	0.120025754	0.09392779	0.011433945	-0.022986392	0.017926337	0.13268562	0.13781203	-0.23402251	0.05648962	0.16023397	0.04029699	0.128085	0.086435534	0.1533097	-0.18437588	-0.09508746	0.078363486	-0.09551555	-0.13353828	0.06871343	0.119343236	-0.115214586	0.10402149	0.014518129	0.0761671	-0.17847401	-0.10752148	0.0053077145	0.074548416	0.11903115	-0.03642873	-0.053133916	-0.12909703	-0.23786363	-0.07967906	-0.029762894	0.26622918	0.13768789	0.04237388	0.18579386	0.0036482208	0.10055555	-0.11371572	0.048580952	0.027994813	0.03691689	-0.012617996	0.28300485	-0.12874839	-0.05644503	0.08290583	0.2280436	0.042584304	-0.35396102	0.3506783	0.019615287	-0.090982474	0.16401461	0.088517606	0.01634946	-0.051729895	-0.06230306	-0.09819019	-0.05888981	0.0566054	0.22915499	-0.041631013	-0.03767494	0.16590057	-0.1496932	-0.09049338	-0.13439938	0.14941445	0.046434093	-0.10439332	0.11117632	-0.06657382	-0.035091527	0.11562225	0.044634037	-0.106513485	-0.030447396	-0.21269931	0.18390578	0.112902865	0.20348834	-0.15772884	-0.04661533	-0.009723405	0.1031258	0.09161396	0.03820474	0.22316928	-0.25566497	0.21505047	-0.29889947	-0.069406494	0.18377094	0.18180317	-0.06081602	0.16319902	-0.08265602	0.22838381	-0.10743368	0.108121544	-0.038584333	-0.11532721	-0.022500047	0.079297185	0.3259279	0.31133237	-0.0018082885	-0.29523945	-0.15027162	-0.22931676	-0.035455443	0.03745264	0.04007811	-0.077958345	-0.045162506	0.124139	0.12352038	-0.12669672	-0.09129825	-0.096010074	-0.2710397	0.12809739	0.028621396	-0.1370273	0.013556732	-0.009313559	0.025705466	0.13223934	0.0844717	0.070329964	-0.10212547	-0.09912617	0.066041365	-0.07779396	0.0972776	-0.20720051	-0.12348002	-0.046374474	
0.075595625	-0.02244396	0.025221862	-0.03932246	0.05086399	0.0790068	0.02394012	-0.20978302	0.0787113	0.018232131	-0.0022143284	0.12650055	0.07579445	-0.095637836	0.008947914	0.11985243	-0.0072345636	-0.12680613	0.10764375	-0.121800266	0.012925367	0.04656992	-0.070461065	0.024850758	-0.06121642	0.58200574	-0.027337465	0.04797062	0.11070061	-0.06135563	0.15778475	0.16116634	0.009226828	-0.16615272	-0.015164779	-0.06502709	0.114633486	-0.07434203	-0.09247729	0.026057694	-0.04020836	-0.09750059	-0.04951395	0.026169783	-0.14135396	-0.09714254	0.025132664	0.1377965	-0.091281794	-0.15914503	0.044201605	0.084556766	0.082778335	0.06233292	-0.09805835	-0.01634248	0.06790365	0.012312095	-0.34138912	-0.1108739	-0.04671792	0.063160226	-0.008054099	0.03927669	0.028821398	0.013382243	0.051489983	-0.024637666	0.060168933	0.0860334	-0.17196372	0.13843943	-0.059243813	-0.010101375	-0.027006844	-0.010999479	-0.042744316	-0.003143927	0.046917774	0.009631621	0.12039058	0.025673615	0.13204601	-0.11770562	0.13091035	0.008896181	0.12025669	0.002977792	-0.045042936	0.2109663	0.033853013	0.025999509	0.007057732	-0.006962966	0.07658408	0.057949327	0.04839344	0.028418547	-0.018594606	0.09921661	-0.07940709	0.071226716	-0.09568196	-0.009542283	0.010141765	0.010517405	0.2408848	0.043158285	0.069217645	-0.053885486	0.1473555	0.045693554	-0.18166798	0.10066251	0.035090514	0.13308686	0.10745889	-0.06021839	0.013717017	-0.10413707	-0.13865599	0.055015102	0.07253244	0.0799848	-0.012356126	0.08078391	0.03631919	-0.021425204	-0.03165616	-0.09550756	-0.069865756	0.048567783	-0.053611767	-0.017721772	-0.08277119	0.069746	-0.043783717	-0.034158476	0.053259667	-0.0847321	-0.036857262	-0.013188216	0.07048113	0.06524713	-0.015094158	-0.12039864	0.12413472	-0.070394896	-0.09762639	-0.03985865	0.12453225	-0.0027965903	0.09407969	0.045527883	0.106946334	0.09116311	-0.06963124	0.0070317853	0.097862184	0.062914014	-0.115400374	-0.032493077	-0.0073918747	0.08802259	-0.13701978	0.045251697	-0.08279761	0.10686687	0.047222853	-0.044975717	0.03229952	-0.04917476	0.035572853	-0.04410287	0.15032789	-0.1145719	-0.096736945	-0.1145042	0.20822927	-0.029137831	-0.008057695	-0.12195464	-0.0155040175	0.0031129974	0.002408748	-0.14573328	-0.037079304	0.07643495	0.14860457	0.032327473	-0.10301125	0.06225604	0.069196604	0.07271544	0.01075496	-0.16215236	-0.13818763	-0.043051235	0.08603935	-0.02255677	-0.09925424	-0.05903027	0.04981638	0.065626875	-0.08630287	0.039423164	-0.036803316	-0.06482785	-0.074746996	-0.09433962	-0.07780669	0.03178234	0.046655945	-0.0025319678	0.017648462	-0.09159448	0.054408956	-0.29617667	-0.066828676	0.022475839	-0.13134068	-0.07332989	-0.15054666	0.098001994	0.0039243754	0.014369402	0.16280611	-0.20980771	0.04778437	0.05948088	-0.11022958	0.052639246	-0.08296971	0.05695872	0.06919139	-0.0056411596	0.107108206	-0.10026087	0.009120443	-0.043831933	-0.0007825372	-0.037641175	-0.063136384	0.023342282	0.025603259	-0.104399815	0.014913841	0.046883117	-0.078944154	0.24195407	-0.28515214	-0.112770714	-0.10129361	-0.03995882	0.027647538	0.013992516	0.17181881	-0.001931738	0.048310485	0.15385503	0.018306438	-0.007253848	0.13273169	-0.12726964	0.050057225	-0.0029483885	0.016449915	0.037092354	-0.06789779	0.061743546	0.063124344	0.0740923	0.03504007	-0.030688863	0.007174321	-0.099873036	0.031750973	0.042074803	-0.054802045	0.010146074	0.3930822	-0.058378495	0.07764761	0.06204054	0.052911676	0.02413465	0.1459556	-0.05121834	0.120593235	-0.10897523	0.040412866	-0.10365062	-0.104577914	-0.016575418	0.058174744	0.071091145	0.11168362	-0.057597138	0.1980322	0.07954713	
-0.041584954	-0.01666602	0.0032452457	-0.0407041	-0.12097229	-0.031846546	-0.07922018	0.060425267	0.103322506	0.04399912	-0.06766844	0.086655155	0.041063026	-0.011022236	0.031663593	-0.008226521	0.037391134	0.09840749	-0.020730974	-0.019797266	0.023539813	-0.031699266	-0.003740455	-0.0832809	-0.109641	0.2631144	0.058050103	-0.027164957	0.014794075	-0.08532985	-0.014650293	-0.016994786	-0.023781177	-0.037841097	-0.00940494	0.046145078	0.084391415	0.03214698	-0.114112355	0.0374768	0.024477182	-0.11190222	-0.115205646	0.020406967	-0.020374998	0.10754068	-0.10463547	0.043476548	-0.040310152	0.06903075	0.019261096	0.026042514	0.06412852	-0.081701145	-0.04951749	0.12021649	-0.011471514	-0.011401964	-0.03621376	-0.09321273	-0.03165506	-0.032602232	0.05946967	0.05873768	-0.04573705	0.08884335	0.017446358	0.041979328	-0.0269485	0.017013114	0.07999592	-0.036604036	0.076264195	-0.03478802	0.0001442898	0.034646	-0.057885677	0.06344932	-0.12226103	-0.047581255	-0.020098165	-0.011972778	-0.027433705	0.029218333	0.08612565	0.008376318	-0.10716656	0.025737094	0.01802773	0.079319365	0.115489766	0.02876858	-0.052475184	0.0073527656	-0.07736942	0.080795415	0.03975761	-0.0022821408	0.015172668	0.08327417	-0.064647086	0.073169686	0.016046468	-0.03005715	0.030423483	-0.10198325	0.05269247	-0.011151534	-0.06988309	0.02117303	-0.06015976	-0.025464911	-0.090971135	-0.080656685	-0.019310977	0.059670597	0.034547083	0.03079402	0.05567713	0.0004280936	0.110659614	0.013425735	0.022855941	0.035199355	-0.030262485	0.06838427	0.10053608	0.07958023	-0.09138986	0.070892654	-0.023622632	0.03904351	0.090856306	0.08449182	0.08757153	0.107250966	-0.00810313	0.012162514	0.057531588	0.016601421	-0.09285637	0.015194364	-0.032996513	0.025373476	0.03921803	-0.072163716	-0.0544213	0.0038207471	0.010486726	-0.088192925	0.029561836	-0.06959509	0.034485467	-0.063907646	-0.09116799	0.0008526491	-0.037616402	-0.07619685	0.0006693008	0.033436537	0.016168322	-0.0132616535	-0.044898413	0.11145512	0.05861564	0.09456456	0.08101574	-0.10587484	-0.06346719	0.023720993	0.014400411	0.008584093	0.0453051	0.059128	0.009868491	-0.00322254	-0.020058315	-0.11613786	0.061626446	0.022304334	-0.051270254	-0.031231608	-0.0019216174	0.118770495	0.084270656	-0.14155601	0.011983607	-0.09261833	-0.014640601	-0.1669393	-0.012788003	-0.09105718	0.048749417	-0.0008599651	-0.0820239	0.05925842	-0.034248527	-0.048750453	-0.048759863	0.0012963519	0.008741252	-0.073166884	-0.03349687	0.040982053	-0.030472044	-0.0257023	-0.0027933149	-0.024868213	0.09754511	-0.03460566	0.012507395	0.011180483	0.048686955	0.030977529	-0.022923773	0.19457692	-0.036432937	-0.031602006	-0.029956149	0.046603143	0.009376716	-0.013913944	-0.04564511	0.0079826135	0.09663299	0.10860723	-0.045294087	0.09934578	0.03580331	-0.026385743	-0.032051407	-0.057552215	0.12787743	-0.047133587	0.012848444	0.044571936	-0.018142272	0.06829156	-0.057688862	-0.009979902	0.16655916	-0.013412062	-0.15387231	-0.016872607	-0.046315454	0.1528845	0.05372586	-0.01540815	0.080294475	-0.05597427	0.08224583	-0.10024755	-0.034285173	0.036593582	0.046038397	0.047852337	-0.061072126	-0.022867702	0.036260024	0.005054715	0.050021734	0.04954972	-0.043759413	0.0551246	-0.027902965	-0.009592687	0.05087936	0.17382698	-0.07515326	-0.09036842	-0.039153088	-0.0061334334	0.020193923	-0.04500787	0.04410562	-0.046461675	-0.027263071	-0.12842193	-0.021762764	0.022111438	-0.024728257	0.03248547	-0.14636303	0.05429439	0.028850378	0.013943559	-0.10146279	0.069692925	0.013894115	-0.054412216	0.0410877	0.12328951	-0.03873697	-0.1287026	0.062588274	0.010881115	-0.06712557	0.045982942	-0.090683	-0.037851874	
-0.008181007	-0.010351005	-0.20926434	-0.06791116	-0.1409519	-0.010567071	-0.05433541	-0.09596364	0.16447102	0.09205827	0.22665772	0.28827614	-0.0100898	-0.062676616	0.3557334	-0.007171059	0.30070606	0.049020514	0.10083671	-0.095255926	-0.07803691	0.00054288807	-0.081711315	-0.27156213	-0.09505259	1.075387	0.124370575	0.39724457	0.041442454	0.03566905	0.21285906	0.11763164	-0.059709	0.13517222	0.3449324	-0.078581385	0.081185214	-0.13192728	-0.05708749	0.11317875	-0.081565864	-0.15871723	0.35338104	0.052137103	0.17740797	-0.20107934	0.06498116	0.02201305	0.05435708	0.14869861	0.17784998	-0.18688296	0.035396665	0.062495183	0.26929575	-0.17704205	0.008074897	-0.1154111	-0.3787159	0.097987816	0.13316396	-0.13343346	-0.1888787	0.21330285	0.14269736	0.099662445	-0.24219799	-0.009367073	0.47556624	0.099816546	-0.09738115	0.011645665	-0.3072343	0.1366438	0.2611042	0.18320999	-0.15400535	0.11031815	0.30987987	-0.35851416	0.038883347	0.13433927	-0.25363964	-0.16610162	-0.16936399	0.41092774	0.061690744	-0.093552224	0.2025957	-0.3250284	0.09092425	-0.411501	-0.0031641258	0.25213718	0.19879752	0.12786233	0.047825962	-0.23405746	-0.03969106	-0.2484286	0.14458165	0.047816947	-0.13668068	0.10016305	-0.064929634	-0.17279233	0.076965146	-0.029128296	-0.25686574	-0.2359448	-0.6283507	-0.06262721	-0.1300709	-0.15349683	-0.034090973	0.016120939	-0.068328455	-0.06264176	0.11886651	-0.28396899	-0.24079585	-0.020051185	0.075050525	0.1655337	0.03213712	0.13414465	0.098097764	-0.48185942	0.43370348	0.04677962	0.040956516	-0.077910244	-0.02475586	-0.031094884	-0.05328973	0.29275134	0.053509414	-0.1278347	-0.23606136	0.08347487	-0.26989463	-0.043607473	-0.21939437	0.44760343	0.24505943	0.43315995	0.29713482	0.027673261	0.06007275	-0.37336874	-0.1462219	0.1991741	-0.086416	0.08848719	0.014768494	-0.06022294	-0.13613541	0.24660018	0.025490705	0.20970835	0.044846892	0.14320004	0.16773745	0.34055996	-0.021662692	0.42551246	0.21310139	0.0044283834	0.13745496	-0.035598367	-0.13813625	0.04153989	0.13667598	0.056719556	-0.1618511	-0.15990444	-0.035717297	0.11591915	-0.32983562	0.24602005	-0.051167943	-0.29335654	-0.11667794	-0.15624988	0.49265906	0.24235246	-0.11926559	-0.121459104	-0.2238399	0.26271263	-0.55182004	0.13108872	-0.06812829	0.1611121	-0.30909783	0.1498013	0.015500987	-0.033728983	0.39132324	0.14131825	0.34153566	-0.047784187	-0.069143176	0.44798613	0.15308045	-0.1376427	0.06998051	0.15583517	-0.3011968	-0.091772445	-0.28619027	0.4451505	0.070254624	-0.019390928	0.03336045	-0.19156241	0.028583402	0.12989487	-0.3038436	-0.041089088	0.011335296	0.5716188	0.20118047	0.024558412	-0.111496836	0.055642996	0.08874273	-0.40984324	0.32488385	-0.104197696	-0.090656996	-0.26955554	0.10317629	0.03520191	-0.01659176	0.40503883	0.15167566	0.050981708	0.0010319306	-0.3041045	0.24409929	0.16369826	0.14363381	0.11188861	-0.26515058	-0.118074656	0.063110955	0.1449137	-0.18234989	0.20455125	-0.27530888	-0.005377154	-0.34973702	0.12523188	-0.007039078	0.111982696	0.19485052	0.02540227	-0.16393007	-0.256065	0.28120235	0.20761478	-0.029568871	0.0048992494	-0.26206166	0.28337303	0.5809245	0.31203905	-0.10843625	-0.22061323	-0.14916699	-0.022754783	0.11627595	0.20063858	-0.22509389	-0.35783324	0.34985515	0.2533991	0.36755458	-0.150122	-0.052259907	0.37165925	-0.15617307	0.114461966	0.031894144	-0.050741553	-0.14666963	-0.0789512	-0.08405867	0.18541892	0.005848648	-0.0008944902	0.05666175	-0.20012246	-0.0862833	-0.19942316	-0.04749275	-0.10297176	0.09817131	0.008827691	
-0.15544538	-0.18556328	-0.254331	-0.45936206	-0.12518288	-0.031685933	-0.166677	-0.2090666	0.29721394	0.06298792	0.04297001	0.18164307	0.052350927	-0.22478269	0.036063794	-0.04225166	-0.25817704	0.048959836	0.11925881	0.22996867	0.16544795	-0.06840872	-0.073160954	-0.33768603	0.22856253	0.9947865	0.009036996	-0.013705667	-0.04919842	-0.10521883	0.24052444	-0.050350104	0.2643617	0.07839841	-0.20107168	0.20482552	-0.01660823	0.32590768	-0.01621876	0.26340842	0.047993023	-0.19533181	0.017229266	0.010929626	-0.14494838	0.072168775	-0.052192595	-0.15204482	0.17269576	-0.60443395	-0.14524351	0.022961114	0.054677043	-0.25537014	-0.100620165	-0.015269129	0.046221636	-0.24073139	-0.3433232	-0.13202697	-0.018767226	-0.1334579	-0.13124608	-0.15952805	-0.16208358	-0.0033560616	-0.36446625	0.1476048	0.53373826	-0.13958688	-0.104236074	-0.021125011	0.117131665	0.038019594	0.19822574	-0.14077239	-0.018785978	-0.124908194	0.38403487	-0.052599274	0.0079038795	-0.021015864	-0.5069639	-0.26489645	0.09179549	0.31475684	0.01913201	-0.1862986	0.12595691	0.11497526	-0.13365228	0.076317646	-0.058748364	0.3539654	0.20167385	0.12812264	0.08621868	-0.14351279	0.0069418736	0.20212932	0.17015299	0.027621528	-0.02931273	0.3504394	0.13874005	-0.040267877	-0.17249514	-0.14977549	-0.023596544	-0.23646866	-0.1566303	0.15271816	-0.1163927	-0.22919427	-0.03206038	-0.0038711072	0.20099251	0.02882961	0.1840833	-0.28387535	0.115179904	-0.16688246	0.036713947	-0.08466245	-0.12082435	0.15912646	-0.05023228	0.11886339	-0.13638663	-0.25454783	0.20136952	-0.0029873569	0.052932214	0.12855731	0.103945434	0.4816495	0.11158361	-0.10289711	0.12665956	0.16399312	-0.14924216	0.024129843	-0.15119478	0.11607838	0.03634212	0.07017395	0.052783962	0.23526436	0.019320892	0.3231311	0.037247356	-0.095625415	0.1150555	0.121808335	0.20705038	0.22528802	0.015908428	-0.04076879	0.01405113	0.03755023	0.074253134	-2.6436006e-05	0.24705999	-0.020159254	-0.21403004	-0.25766447	-0.076799735	-0.3601012	-0.063036874	0.065875456	-0.001119828	0.21266866	0.2914535	-0.17419401	0.07648198	-0.23707187	0.1872417	0.065048315	0.35055697	0.14715785	0.34595123	-0.34968373	-0.13854401	0.05291662	0.035547134	-0.0809478	0.05752157	-0.0463504	-0.10781169	-0.037749745	0.09041542	0.03995527	0.036980495	-0.023273252	-0.03643229	0.064562775	0.08266712	-0.22228518	-0.23817623	-0.025851399	0.08893617	-0.032231495	-0.079544075	-0.2703954	-0.32663298	-0.3741993	0.006598521	-0.38511097	0.27118397	0.031992137	-0.13152516	0.25785518	-0.015295981	-0.21768798	0.061973397	0.26499134	-0.20573582	0.13793167	0.047910992	-0.032405905	0.014964099	-0.05857879	-0.045039613	-0.18467581	0.025263201	0.31604716	-0.26175234	-0.5578676	-0.08046147	0.15397114	0.04040312	0.08020648	0.14850333	0.35721177	0.062535234	-0.06113428	0.34660852	0.11875654	0.10575299	-0.13754404	0.13726315	-0.11585936	0.055222668	0.16247611	-0.16663548	-0.07730423	0.1410899	0.014718497	0.18453796	0.39721888	0.15004018	-0.07324538	-0.26421168	-0.29867217	-0.0215636	0.30585197	0.049536977	0.13403429	-0.44627732	0.43390155	-0.05613187	-0.052556165	0.10864328	0.19114865	0.12969087	-0.07117291	-0.26806504	0.28342426	0.021405889	-0.25887045	-0.15778674	0.015846778	0.12793104	0.18221481	0.12747726	-0.021444064	-0.1342291	0.4428374	-0.20535138	0.12951194	-0.24264188	0.11053498	-0.2000822	0.07852508	-0.2652655	-0.15407598	-0.5650626	0.22952275	-0.11733528	-0.011990192	0.20384711	-0.018635336	-0.2014183	-0.033895355	0.4269269	0.010882867	0.1823282	0.24370383	-0.059553392	0.25466442	
-0.09977425	0.06673041	0.0011488269	0.061421137	0.046765182	0.038908165	-0.03231653	-0.0011590305	0.09430274	0.021930061	-0.0019921842	-0.057413727	0.0997291	-0.051904652	-0.008758425	-0.008979685	0.034859978	-0.07996993	0.13989036	0.14338332	0.019981675	0.08173022	0.09759879	0.077813864	-0.016880885	0.35200158	0.06500831	0.017901305	0.018601667	0.011971274	0.12858252	0.030338518	-0.049443632	0.1671309	-0.01221218	-0.036894694	-0.028400695	-0.09134724	0.03145063	-0.018894915	0.057418533	-0.12638652	0.081354946	0.06142267	0.10049925	-0.042476583	-0.08224236	5.981885e-06	0.041999582	0.081498295	0.13460165	0.051915105	0.12212814	0.038770173	-0.0077973315	0.16449147	0.08105911	0.036555517	-0.105407186	0.14100498	0.033012826	0.023556124	-0.033821806	-0.029677732	0.035851967	-0.024227787	-0.0012846887	-0.07022004	-0.016768955	-0.05712188	0.011450559	-0.075660214	-0.0041486938	0.086634845	0.020159591	-0.09752257	-0.095871635	0.10840737	-0.016615227	0.026248856	-0.016534157	0.049393564	0.08859689	0.028489903	-0.08026472	0.1045898	-0.058036372	-0.000443439	-0.011176573	0.006808933	-0.06710567	-0.051070552	-0.14035451	0.033525176	-0.0040309047	0.080817215	-0.08829525	0.09405647	-0.0072797304	-0.050409667	-0.0382169	0.069261886	0.0049442835	0.22803578	-0.0791911	-0.0923801	-0.20695671	0.01579117	0.15286171	0.04536346	-0.021453116	0.10140306	-0.024473177	0.09916387	-0.013979364	-0.13307355	-0.0055941558	0.04286439	-0.047892615	0.013989361	-0.030649912	-0.0747654	0.056068573	-0.10042781	-0.15683396	-0.07331451	0.00773794	0.10411345	-0.059082072	-0.017942805	0.015432964	-0.028441187	0.011854999	-0.10200716	0.105293766	-0.05259269	-0.06597453	0.11406486	-0.053953815	-0.043747973	-0.02290858	-0.09772544	-0.12053421	-0.03882694	-0.035768487	0.13682191	-0.007154721	-0.01637816	-0.009068725	0.13197859	0.03654511	0.14508666	-0.03999733	0.10228393	0.0022595786	0.094908975	0.08982701	-0.07709751	-0.04003238	-0.10975835	0.017064232	0.019978922	-0.003309093	-0.012524441	-0.05083123	-0.004901363	-0.019217279	-0.05190073	-0.028744446	-0.07582443	-0.018474773	-0.022627834	-0.1149517	-0.023991585	-0.002579987	-0.09885525	-0.041447096	0.008034231	0.121760204	0.034935884	-0.114651896	-0.04819409	0.04430857	-0.0019665211	-0.04882355	-0.24088663	-0.042060267	-0.08625383	-0.07723846	-0.02976672	0.13143252	0.07120453	-0.042768117	0.026198383	0.12392099	-0.025197173	-0.1264683	0.07858399	-0.0055081835	0.09784356	0.010827644	-0.07354523	0.03672298	0.13092478	-0.07682109	-0.0452825	0.12444363	-0.0037787328	-0.040204074	0.021527918	-0.048358556	0.01885694	-0.049826548	-0.19567841	-0.05210479	-0.038269192	-0.0043163234	0.07800416	0.010374149	-0.033537567	-0.15870942	0.053037494	-0.020789139	-0.0039954	0.04056878	-0.020008216	-0.06660812	0.020773157	-0.0072854087	0.093892306	0.06427312	0.021887988	-0.07825893	-0.023230908	0.0092883995	-0.009695606	0.06411863	-0.08181729	0.07231127	0.028597191	0.014498667	0.059713226	0.100695975	0.12097035	0.10196647	-0.021220628	-0.110734195	-0.010411264	0.076436	-0.10822071	-0.057351097	0.0064862138	-0.03564805	-0.14165832	0.09897333	-0.0028910346	0.004871282	-0.05361923	-0.0014656335	-0.053242534	0.029351756	-0.00647733	0.006031088	-0.3115688	-0.06596502	-0.035874903	0.035552274	0.1559697	0.13933548	-0.03443612	0.025321018	0.1400634	-0.047735766	0.045613483	-0.07754997	0.08937615	-0.08025886	0.024007425	-0.039877713	-0.09064048	-0.1819059	-0.016878836	-0.20400272	-0.00197622	-0.07672302	-0.011876365	0.043381736	-0.02565251	-0.08828994	-0.028849583	0.060187757	0.0009110905	0.04891411	0.2904627	0.022750013	-0.021115217	-0.022401076	0.00975885	-0.011668195	-0.07180259	
0.238771	-0.18919982	-0.26253992	-0.007030898	-0.010594433	0.17533594	0.04331369	-0.03461653	-0.06433157	-0.2172289	0.036842335	-0.35270584	0.01657482	0.17429402	0.29144424	-0.15401788	0.15276808	-0.102814354	0.06517973	-0.16419822	0.16326752	0.05323999	0.29384008	0.18039829	-0.023669608	0.8918785	0.27560475	0.26382896	0.0076025487	-0.21603073	-0.105333775	0.12185052	0.041839432	0.014742648	-0.16838221	-0.07795369	0.10300201	-0.10898838	-0.18263812	0.10432232	-0.37473214	0.20231289	-0.03962126	0.36529127	0.27720588	-0.076935895	-0.060706686	0.33173394	-0.3537674	-0.14581744	-0.036073733	0.04844516	0.02225323	0.13430452	0.19497377	0.25330517	0.076274425	-0.01551342	-0.2692062	-0.13240853	-0.45445848	0.15509991	-0.048245415	-0.17807361	0.11507702	-0.30171505	-0.27899805	-0.18323204	0.16161886	-0.036667004	0.0015877404	0.21371537	-0.10584189	-0.01886135	0.14879458	0.16823734	-0.2354499	0.12777646	-0.20356579	-0.18062907	0.10297317	-0.069047846	-0.07432055	-0.06681855	0.290795	-0.11138414	-0.052323207	-0.012976157	-0.043377798	0.030348917	-0.3161086	0.09450555	0.14791167	0.41967702	-0.07805775	0.14918445	-0.012372975	-0.13419451	-0.09084531	0.054784335	0.09155465	0.107018076	-0.24144664	0.072574034	-0.23542354	-0.033335112	-0.13402647	0.09929296	-0.03888783	0.58174133	0.24586953	-0.29505518	-0.35989016	0.023236543	0.06028614	0.15605937	0.08728989	0.07584485	-0.049150363	0.10329707	0.04468891	-0.022933045	0.17127785	0.023677813	-0.14442231	0.015130942	-0.1723407	0.23549834	0.17949794	0.28205612	0.018956615	-0.024410453	-0.15086709	-0.052514132	0.018081661	-0.10984076	-0.108539015	0.36892244	0.12393254	-0.100361444	0.082483985	0.006618489	0.08060402	0.13953906	-0.18193965	0.115137555	0.06402714	-0.11929611	-0.21911511	-0.31774685	-0.085323796	0.13872723	-0.0008515871	0.08461283	-0.121932656	-0.19854826	0.12542312	-0.17033559	0.27817768	-0.08362648	-0.07072562	0.054294437	0.13171536	0.33052263	0.16371259	0.17962909	-0.05720733	-0.015211693	0.19103831	-0.37305176	-0.09541476	-0.13854702	0.06317751	-0.075923875	-0.12179198	0.017388998	0.06646236	-0.17062378	0.02303076	0.15987599	0.04688956	-0.04654975	0.119156785	-0.046870798	0.19915895	-0.18370652	-0.061704487	0.1158761	0.0816046	0.24863915	-0.2037658	-0.30751166	-0.005713324	0.5004813	-0.18848418	0.13471308	-0.28941694	-0.26373273	-0.15181714	0.2632312	-0.19360828	0.20048232	-0.10831384	-0.04485332	-0.039581552	-0.048969746	0.045899116	0.009928899	-0.01980102	0.17368154	0.41728762	0.096978515	-0.2171951	-0.04558311	0.3023353	0.19762504	0.017528212	-0.1652094	0.17130318	-0.15280461	0.07284443	0.08237613	-0.040049125	-0.06739059	-0.43442893	0.042275958	0.1718	-0.15308167	-0.3496524	-0.24569653	0.14656602	-0.08316836	0.019155078	-0.06763555	-0.0358058	0.15514183	0.27044848	0.19498558	0.064515874	0.01653237	-0.1777385	-0.044455945	-0.029762004	-0.20645376	-0.070172206	-0.16851893	-0.043892384	-0.09494789	-0.08570359	0.15428272	0.26891693	-0.27003515	-0.17672846	-0.123542756	-0.08617266	-0.035823356	-0.14045797	-0.1985908	-0.116008244	-0.16213825	-0.30426028	0.16105394	0.2467863	-0.08568587	-0.074315876	-0.23716722	-0.15422587	-0.12710065	-0.21013056	-0.28300133	-0.19082221	-0.069911376	-0.02978895	0.17817536	0.077025674	0.09980836	-0.14176491	0.22836451	0.08116906	-0.041841958	-0.16771355	0.11644603	-0.0887234	-0.16259374	-0.0775096	-0.16417183	-0.0027181578	-0.20392518	-0.31316194	-0.05350122	-0.2165863	-0.07081719	-0.32327837	0.37437415	-0.17046237	0.24950185	0.28094703	0.33003563	-0.042291928	-0.18207945	
-0.08097356	-0.098540716	-0.23158763	-0.03977408	-0.09147455	-0.023287365	-0.23998351	0.105308495	0.054125592	0.0029107227	0.044386275	0.018422054	0.100305	0.23165019	-0.09131686	-0.060626782	0.05847839	-0.12695104	-0.09374417	-0.012617454	0.17143524	-0.109403774	0.18424574	-0.16731264	-0.037140854	0.91786146	0.0363661	0.20133588	0.070194766	-0.007475748	-0.051341973	0.114122204	0.12258746	-0.172947	0.09547744	-0.07588535	-0.07527232	-0.100810096	-0.13000251	0.19154856	0.13928011	0.13140102	0.019750683	-0.04893978	0.035313245	-0.16999051	-0.13630134	0.1637791	-0.13297012	-0.11296642	0.06673557	0.092900276	-0.24793327	0.057530243	0.43237114	0.3122477	-0.18846841	-0.091612816	-0.35932788	-0.072369106	0.0674894	0.041174844	-0.15127349	-0.0046292166	-0.0075622713	0.15457837	-0.22126518	-0.05911916	0.11098882	0.05116783	-0.00072989234	-0.08214182	-0.063839465	0.05290035	-0.07749996	-0.0331351	0.04010616	-0.12305977	-0.068638764	0.09327944	-0.013313797	0.003360786	-0.11186249	-0.23413622	-0.13276961	-0.23761758	-0.18524602	0.017845327	0.12762094	0.2350689	0.2408431	-0.17854232	-0.1653584	0.2540289	-0.079521745	0.0058407397	-0.028920563	-0.05030065	0.2831419	-0.10563733	0.024891438	0.1388572	0.100553796	0.07339802	0.054879367	0.023832984	-0.07049156	-0.029667852	-0.21870685	0.17486899	-0.28308517	0.20655727	-0.26390293	-0.08308979	-0.096819006	-0.13274434	-0.023584904	-0.14030555	0.16894513	-0.05597216	0.042334605	0.24597986	0.16451535	-0.15074573	-0.15638775	-0.16118142	0.108007886	0.092069745	-0.031135425	0.1368032	0.109379195	-0.223825	0.0031550704	0.07891906	0.1118617	-0.0069729206	0.18576479	-0.044740863	-0.19825403	-0.33651122	-0.15426356	0.25635397	-0.090536706	-0.1808933	0.1034948	0.10158222	-0.049862117	0.032146305	0.023933347	0.018928973	0.059060644	-0.12817062	-0.006955583	-0.22652428	-0.17018853	0.30413154	-0.051281378	-0.096971676	0.19938889	0.07801867	0.16082682	-0.19618663	0.18832797	-0.13844502	-0.0074758716	0.15874077	0.17797944	-0.065352686	0.0828517	-0.040985767	0.13430344	0.06993554	-0.012098286	0.05698023	-0.09614222	-0.15604235	-0.10503467	-0.03315874	-0.06571238	0.18700011	0.15981735	0.09136935	-0.06895487	-0.061536368	-0.02095225	0.29256004	0.02138775	-0.08086391	0.4501547	-0.04707122	-0.42720202	-0.17060702	-0.12666869	0.17272422	0.03094393	0.12441112	0.11747117	0.07600409	0.027567858	0.05394	0.11602788	0.014515966	-0.16732474	0.054635286	0.09384374	0.080867834	0.20981121	-0.25617716	-0.22123015	-0.01278359	-0.20229416	0.362421	0.08698308	0.20103844	0.057616305	0.06726435	-0.09976327	-0.053520747	-0.13799958	-0.09190663	-0.034320552	-0.14006741	0.014826558	0.09961282	-0.14998978	-0.015743578	0.07917195	-0.24217673	0.1263253	0.15511301	-0.08124523	-0.17879319	0.008367966	0.07141044	-0.088537164	0.04503713	0.0721888	0.08439739	-0.14213006	-0.09267012	0.16771868	-0.007276654	-0.057357233	0.20552197	-0.15202864	0.016925376	0.018388772	-0.15221892	0.11593159	0.22488992	-0.023296406	0.044706643	-0.12038996	0.077639215	0.090864666	0.066501655	-0.031268798	0.070718676	0.0025310994	-0.04927604	0.06282894	-0.017424531	-0.103149466	-0.1976865	0.12735657	0.064375855	0.08486948	0.3430217	-0.04340808	-0.016706245	-0.04895612	0.055739637	0.10564401	-0.10907764	-0.07369823	0.05137483	0.031495374	0.30127618	0.092290305	0.21628326	-0.004099791	0.10078232	-0.19587864	0.1176188	-0.07371256	-0.060117107	0.12162109	-0.16896358	0.16028564	0.0104905525	-0.03759726	-0.27053127	0.13116115	0.023621514	0.19104679	0.04796273	0.3317826	0.008719342	0.09890936	0.20346737	
-0.11765011	0.0126203215	-0.1403441	0.08762148	-0.046593603	-0.085670985	-0.011958664	0.031291466	-0.049225412	0.09195242	0.12008863	-0.2253575	-0.17714301	-0.029078724	-0.020696575	-0.16103853	0.079393126	-0.002395017	0.00057748426	-0.16345069	-0.22404233	0.018485345	0.009790387	0.22514343	0.13923924	0.3495705	0.011326413	0.035109304	0.046480123	0.13811177	-0.058976054	-0.08835362	0.060755633	-0.0127915405	0.03246644	0.19978148	0.058100294	0.052851997	-0.08063	-0.12116627	0.068795666	-0.0712702	0.20379515	-0.087117895	-0.11303991	-0.044340786	-0.05538891	-0.06913079	-0.041045316	0.04320424	0.13466449	-0.012669567	-0.050988697	-0.07045205	0.044707984	-0.22658631	-0.1247797	0.07770878	-0.12327217	-0.015327139	-0.023307782	-0.08104527	0.04039068	0.038123954	0.048426744	0.051159058	-0.08349626	-0.023680108	-0.07349077	-0.09524545	-0.15001646	-0.03087662	-0.088452525	-0.016083332	-0.091837764	-0.12393754	-0.12895636	0.034842096	-0.13452008	0.16456173	-0.08847805	-0.157705	0.045348745	0.02500603	-0.089254096	-0.08945994	0.08969765	0.07256153	0.004809802	0.066306904	0.12498387	0.11043435	0.015398851	0.14059125	0.0038892142	0.08044379	-0.056039542	-0.053532314	-0.012565684	0.08818889	0.071890816	-0.13377951	-0.07004811	-0.1771051	0.005252421	-0.058103967	0.06746146	-0.12283195	-0.045610048	-0.0969923	-0.0076880977	0.13082133	0.17725495	0.024719361	-0.099551365	0.07003203	0.08718583	0.055733293	-0.0814818	-0.008956425	-0.016085707	0.013859	-0.041363694	0.0007724706	-0.17147385	0.061821386	-0.14120826	-0.010014257	0.025846407	0.06692422	-0.04904623	-0.04576693	0.13302125	0.25873947	-0.00057691336	0.02727666	-0.08330634	-0.035375595	0.06952748	-0.061575815	-0.024594538	-0.017431855	-0.039950456	-0.03442093	-0.1744589	0.01621874	-0.15521774	-0.048151378	0.02439938	0.009145163	0.0051900744	-0.13329616	0.071652345	-0.03913884	0.0029472597	-0.08337177	0.09647668	0.024643831	0.097710215	0.04866527	-0.030897181	0.13950165	0.1993953	-0.00750989	0.010152883	0.110440455	0.21076152	0.07516823	0.09929857	-0.077355295	0.055344336	-0.1868611	-0.07022093	0.073010996	-0.12489205	0.002893065	0.008427102	-0.2309141	0.0030953698	-0.015242543	-0.079967454	0.022891738	-0.017863845	-0.042529806	0.058078814	-0.20121565	-0.0012367656	-0.09858456	-0.078460984	0.0038202703	0.019474827	0.091040075	-0.006400967	-0.026065119	-0.034584217	0.20045143	-0.08058512	0.15499479	0.15534113	-0.097383395	-0.05835172	-0.047578413	0.045273844	-0.06684978	-0.20771173	0.08921923	-0.11738994	0.0733866	-0.08110501	-0.00045545772	-0.06339514	-0.033300225	0.0123812985	0.032000165	0.014329894	0.06064488	-0.19486798	-0.06720434	-0.020515168	-0.06391093	0.001225479	-0.18140575	0.09588346	-0.08698427	0.21209577	-0.11859459	-0.02893706	0.06447433	-0.149471	0.056257494	0.046174377	-0.11264634	0.1132108	-0.056822173	0.08107471	0.12737718	0.0125772245	0.01064458	-0.16114591	0.002946072	0.07747855	0.017205104	-0.017551474	-0.15360413	0.004476797	-0.06962259	0.048783988	0.35816756	0.05969885	-0.13604225	0.07467748	0.03641347	0.041205328	-0.010147838	0.021049496	-0.0002866313	-0.015227091	0.07656375	0.058694683	-0.25219733	-0.022494007	0.04290289	-0.026531268	-0.2221122	0.026392167	0.050523616	0.11669032	0.14922287	0.0126862675	-0.042819023	0.06895884	0.0832406	0.043561935	0.10738048	0.08667497	-0.03919389	-0.043156736	-0.11233254	0.1213918	-0.028414238	0.090360604	0.17083223	-0.043938234	-0.0075884666	0.11035836	-0.012027681	0.16558255	0.14081362	0.06363799	0.050409112	0.06031905	0.009844534	0.029742688	-0.0012179427	0.07462108	0.083172664	-0.038133174	-0.13454677	0.009266669	0.03567688	
0.034217406	0.10249351	-0.07884451	-0.17504072	0.016663732	-0.024385806	-0.023472218	0.11890159	0.09017263	0.01712121	-0.13135335	0.036330093	-0.11894001	0.028622445	0.15148975	-0.08744339	0.00024052337	0.20370297	-0.1468508	-0.084024355	-0.17607518	-0.0695808	-0.020053452	0.01699378	0.027078342	0.35055113	-0.029850913	0.061251327	-0.108572274	0.028761756	-0.06798233	-0.112659685	-0.06813454	-0.12308538	-0.0893233	0.020442948	-0.06353363	-0.015360063	-0.037556294	-0.09516416	0.0646727	-0.046386804	0.03732767	0.09735679	-0.10911293	0.08986568	0.0665835	-0.0757164	-0.036462728	0.09025769	0.025960058	-0.03274922	0.05680641	0.10212375	0.077770196	0.030232172	-0.26849955	0.038212452	-0.06024848	-0.024292715	0.045539904	-0.00383119	-0.12617779	-0.04973126	0.0676355	0.14808008	-0.032184742	0.021834252	-0.11449408	-0.02050483	-0.09409101	-0.02448142	0.0051330887	-0.008357115	0.037638225	-0.016480125	-0.07645707	0.20505175	-0.039239466	0.082192145	0.18610038	-0.0103088785	-0.10814205	-0.14326605	0.070283316	0.09665565	0.02232131	-0.016511954	0.20667197	0.07000912	-0.09755311	-0.06334759	0.14939083	0.02449324	0.041264627	-0.030392475	-0.0956251	0.10393618	-0.11904918	0.08043486	-0.03787131	0.14378488	0.009170417	-0.01693611	0.017868318	-0.21129698	-0.02527217	0.023167996	-0.09776673	-0.1291967	0.08048357	-0.003990518	-0.0033577122	0.0041571446	0.08816392	-0.06661694	-0.012818063	-0.095652714	0.0036326163	0.010768596	-0.14593694	0.054954663	0.060079403	0.09190402	0.017674314	0.056496125	0.16259375	0.012410233	-0.07656349	0.24956514	-0.030316094	0.05123795	0.067669235	0.07143819	0.06166617	0.022113102	-0.12706399	0.1451899	0.10054893	-0.07588536	0.016511973	-0.054323174	0.106570765	-0.22989537	0.12572515	-0.0121993385	0.05105124	-0.18433934	0.0007669013	0.07869528	-0.12283728	-0.13153024	-0.09345849	-0.012580629	0.1198666	-0.052075285	0.115787566	0.13943549	0.0866706	0.1262676	0.056090645	0.040881813	-0.02870214	0.050439503	-0.11937395	0.015078859	0.025346104	-0.12610777	0.058806244	-0.020965066	0.049016025	-0.13884096	-0.09299803	0.23185423	-0.11781272	-0.07326291	-0.030838016	-0.08642939	0.08681086	-0.01391909	-0.019821111	-0.066572875	-0.0694406	0.00043994014	0.06120991	-0.035288267	-0.031859368	0.06062168	0.055140086	-0.121915326	-0.09268352	-0.012297407	-0.07380923	0.008360969	-0.13394143	0.11534533	0.0015830845	-0.032379635	0.028117334	-0.080169044	-0.04088958	0.03261724	-0.08169081	-0.039740525	0.08459094	-0.02338272	-0.02722629	-0.08164242	-0.11994608	-0.035299834	-0.030836623	0.13320254	-0.017207175	-0.05126992	0.038318083	-0.042885568	-0.033799652	0.13531694	0.082625516	-0.050583187	-0.024631731	0.037580095	0.011391602	0.023552757	0.13054118	-0.033751775	-0.06779503	0.14737913	-0.012477885	-0.030853638	0.08156974	-0.06638861	0.08842639	-0.023519548	0.19636637	0.007718486	-0.20203136	0.23340063	0.013242456	0.015433671	0.008038767	0.09921786	-0.1151081	-0.21614112	-0.086209066	-0.08498001	0.06878564	0.05402608	0.19211553	-0.04656197	0.1439918	-0.13592167	0.03265988	-0.03924784	-0.084237285	-0.00026708283	-0.045434758	-0.0056474116	-0.10463275	-0.14630716	-0.027412634	0.13698015	-0.09234859	-0.35008565	-0.019970624	-0.054692756	-0.11626735	0.07041949	0.07999596	-0.08085683	0.06923309	-0.028403843	0.042370096	0.014456155	0.09325195	0.040059395	-0.14015263	0.0074264817	-0.098606944	-0.01479379	0.20283602	0.032758653	-0.22725669	-0.0004968513	0.09055855	-0.12435803	0.029895686	-0.10928103	0.06732204	-0.042438634	-0.097484306	-0.0076137986	0.071899176	-0.044198222	-0.08082707	-0.035212893	0.023886783	-0.035320453	0.018035494	-0.14846578	
-0.067779295	0.1429841	-0.3375749	-0.25656095	0.10852674	0.13400452	0.11605517	-0.3332265	0.09588653	0.0052586826	0.13620801	-0.097243644	-0.0037339632	-0.29134792	-0.10938651	-0.009524032	0.089247175	-0.013973266	0.36510208	0.036463164	-0.10549978	0.1758516	0.38518947	-0.28721064	0.036150064	0.9346215	0.20699245	0.26994675	0.3239	-0.116463415	0.18386361	-0.09840682	-0.17766532	-0.055822466	0.01113101	0.12664016	0.08713882	0.08200304	0.11294225	-0.20163627	-0.26112026	-0.44708377	-0.05817239	0.040001694	-0.017623223	-0.09090696	0.17152935	-0.06333747	0.04869978	0.01931225	0.25043124	-0.04436303	0.16071583	0.3077019	-0.005162522	0.2553916	0.077192076	-0.014447065	-0.3556006	0.3454518	0.07296817	0.16132621	0.06355536	0.11255229	-0.21675389	-0.002495296	-0.047161292	-0.3554193	0.15861127	0.16630055	-0.02430483	-0.07621367	0.055273127	-0.10427601	0.19837122	-0.09128756	0.09232498	0.009138511	0.042348202	-0.06772958	-0.1895217	0.05322382	0.105149	-0.3291651	-0.0006277475	0.21218608	0.12296565	-0.053046305	-0.18012328	0.53362125	0.16486861	-0.2346951	0.08133242	0.10864248	0.114122756	0.33903232	0.19656241	-0.004108429	-0.027448837	0.31892416	-0.024101537	-0.07137149	0.0056041284	0.09378325	-0.005456523	-0.31262296	-0.38669357	-0.03672345	-0.055313714	-0.16183722	-0.06795016	-0.15328842	-0.052616403	0.45638976	0.17438982	-0.007777904	-0.11583207	0.068620734	-0.41008863	-0.27799165	0.057767313	0.080725744	0.07746466	0.012296146	0.020213515	0.14583169	0.09235995	0.33674893	-0.3995345	0.042666074	-0.30456394	-0.114134245	-0.116907366	-0.080678746	0.009647481	-0.107423626	0.048839804	-0.14694166	0.06923319	-0.25179213	-0.11072931	0.055111717	-0.4233149	-0.13441777	-0.06758243	0.20373301	0.11649428	-0.046871774	-0.048169672	-0.081603885	0.27438676	-0.06539452	-0.12258174	-0.131202	-0.061321653	-0.3639329	0.0066599427	0.28713295	0.23438264	-0.30219385	-0.077236086	0.15786578	0.14847262	0.22543742	-0.41150865	0.25802696	-0.087456904	-0.1895495	0.108607925	-0.24210191	0.25386178	0.047752533	-0.04479942	0.16576143	-0.05037627	-0.029425887	0.20042247	0.15668878	0.22177573	-0.18787938	-0.06425505	-0.020469671	-0.04161112	-0.2447725	-0.02359552	-0.20447144	-0.23239039	0.21656197	0.034462016	0.09174719	-0.0079956455	0.2056902	0.0053182584	0.04608058	-0.2943865	0.13139884	-0.047768574	0.08041505	0.012015331	0.23294565	0.16086899	0.14179093	-0.18851686	0.27122262	0.17462873	0.047794584	0.09183347	-0.059249934	-0.07369922	0.055827398	-0.20499548	0.38833073	-0.025737127	-0.12035983	-0.17835318	0.10175296	0.099941656	-0.12861523	0.016085342	-0.045712598	-0.21315275	0.031880442	-0.13380554	0.0010441707	0.19487227	0.35662672	-0.3020321	-0.14659151	-0.07621122	-0.3157348	-0.0054814783	0.017310008	0.15315293	0.16867092	0.039668232	-0.049381476	0.08209672	0.21507399	0.07478235	0.3719855	0.23126125	0.04229868	0.046624474	0.12700906	-0.11917903	-0.0048025385	0.2781596	-0.05869932	0.02155209	-0.004372809	-0.2795886	-0.14302401	-0.4282695	-0.18008325	0.15427107	0.12720259	0.21817304	-0.07297656	-0.14132556	-0.013225823	-0.14966784	0.28247356	-0.04022247	-0.40727526	0.071646236	-0.021234743	0.1852752	0.27792028	-0.12180927	-0.093744375	-0.011331731	0.13147771	-0.024213778	-0.06764842	0.22734785	0.165104	-0.06558481	0.14504237	-0.103737846	0.0552446	-0.023160873	0.009522029	-0.3205148	0.013042397	0.43041718	0.05738446	-0.13147542	0.028118793	-0.25432473	-0.018759433	0.137087	0.06424307	-0.027386563	0.068733916	0.16120782	0.051090363	-0.102437146	0.08542893	-0.052463036	0.02748021	
-0.04024005	0.18090136	-0.08168399	-0.07064852	-0.09594592	0.10814445	-0.071341485	-0.04043166	0.07720445	-0.11350274	0.16475752	-0.1360665	0.13705549	-0.061879	-0.012319171	0.011579577	0.018295975	0.030936534	0.0122409575	-0.1106623	-0.049754094	-0.019499261	0.031388264	0.08891308	-0.1642444	0.2916356	0.049161278	-0.0537721	-0.16750716	0.10270264	-0.048276976	0.0068680285	0.050097294	-0.018407715	-0.10675959	0.0307852	-0.03705086	0.0024711676	-0.0866616	0.14310306	0.0015134251	-0.1543785	-0.057050586	0.16162053	-0.14224309	-0.082681775	0.010864859	0.10036507	0.059155397	-0.17873003	-0.08920728	0.04187846	-0.122725576	-0.09858023	-0.08742607	-0.030279301	0.06814575	-0.07465517	0.042267565	0.007884769	-0.038361903	-0.1343703	0.1282609	0.039197065	0.017165553	0.098143995	-0.041797776	0.10716798	0.061321165	0.0648786	-0.06408969	-0.09878336	-0.0016776696	0.17685352	-0.026389454	-0.06044297	-0.101084694	0.03191588	-0.14553908	-0.08313013	0.08999841	0.0146618225	0.026851747	-0.22875957	0.042848185	-0.056230146	0.02209021	-0.061095178	0.034827016	0.20429076	0.038449947	0.023487264	0.027885487	0.0726314	-0.031856574	-0.16819637	-0.02828646	-0.027719531	-0.16180472	0.0716937	0.03237307	0.03359227	0.041021857	-0.12371552	-0.036611933	-0.022179093	-0.008343866	0.051203564	0.008632846	-0.15544985	-0.0071049333	-0.005003404	-0.0039404	-0.020702839	0.0037312112	0.08505235	0.011940152	-0.030545194	0.06334914	-0.01916359	-0.05489454	0.15929374	0.046723023	0.0032807104	0.0632838	-0.037500996	-0.022367448	0.038766894	-0.046668187	0.042855367	0.1010568	-0.20255679	0.15220347	0.09654567	-0.13998556	0.059334002	-0.096483804	0.0022540567	0.038510706	-0.12370354	-0.040153496	0.08109687	-0.055504937	0.039361164	0.08326305	-0.15620899	-0.10424586	-0.06708492	-0.07553092	-0.009754286	0.0035837796	0.005706586	0.15364179	0.03050283	0.08987972	-0.014508257	0.06833508	0.054879174	-0.021656606	-0.09037887	0.02475959	-0.033248764	0.061244693	-0.039689444	0.047942545	0.061817896	-0.03417159	0.11525808	-0.11591851	-0.22383049	0.00044606463	-0.054340757	-0.04492492	0.14450336	-0.0022636536	0.09407768	0.12241575	0.012591336	0.15037434	-0.04237969	-0.10526694	0.010964259	-0.087260105	-0.0652313	0.0036564472	-0.33332092	0.06811625	-0.019113038	0.041394502	-0.11665169	-0.15806615	-0.06255553	0.048981298	0.029609703	-0.0696532	-0.112029105	-0.044358708	0.016174534	0.116510145	0.06111924	-0.019706924	-0.049593486	0.24179555	0.0049849944	0.038570378	-0.060744092	0.12309739	-0.07942982	0.08845876	-0.025674844	0.024551913	0.002619259	0.04363902	0.0077219615	0.027771339	-0.19619119	-0.10563988	0.120067954	-0.023095515	-0.0046980754	-0.022401761	-0.06265867	-0.13589388	0.10383418	-0.020454109	-0.026163086	-0.0029200239	-0.14992027	0.08773361	0.03479822	0.0067489278	-0.018666148	-0.02829634	0.10872219	0.070005365	0.042876057	-0.026540952	0.08093588	-0.04004596	0.00088990666	-0.015160843	-0.052001968	-0.05985912	-0.13747309	0.10522749	-0.104528174	0.023904111	0.011638822	-0.003516429	0.040355694	0.0007017609	-0.107130274	-0.03857315	-0.12063843	-0.04200876	0.15249448	0.16465554	0.029705297	0.0736474	0.17163096	-0.0037577325	0.06316426	-0.021786204	-0.20487726	-0.022985594	-0.051849224	0.016429268	0.06218856	-0.055958997	0.086103335	-0.04741153	-0.026432823	-0.05961136	-0.09401469	0.07510297	-0.05943002	0.0071933754	0.10856623	0.076010235	-0.07148605	0.10965804	-0.011289068	-0.081760645	-0.05998481	-0.055523284	0.19705836	0.006250675	0.009932817	-0.08309206	0.09273106	0.0050204685	0.0010564402	0.032884706	-0.035324886	0.05871973	0.005255322	-0.15417048	0.10651339	-0.11884152	-0.055760078	
0.075595625	-0.02244396	0.025221862	-0.03932246	0.05086399	0.0790068	0.02394012	-0.20978302	0.0787113	0.018232131	-0.0022143284	0.12650055	0.07579445	-0.095637836	0.008947914	0.11985243	-0.0072345636	-0.12680613	0.10764375	-0.121800266	0.012925367	0.04656992	-0.070461065	0.024850758	-0.06121642	0.58200574	-0.027337465	0.04797062	0.11070061	-0.06135563	0.15778475	0.16116634	0.009226828	-0.16615272	-0.015164779	-0.06502709	0.114633486	-0.07434203	-0.09247729	0.026057694	-0.04020836	-0.09750059	-0.04951395	0.026169783	-0.14135396	-0.09714254	0.025132664	0.1377965	-0.091281794	-0.15914503	0.044201605	0.084556766	0.082778335	0.06233292	-0.09805835	-0.01634248	0.06790365	0.012312095	-0.34138912	-0.1108739	-0.04671792	0.063160226	-0.008054099	0.03927669	0.028821398	0.013382243	0.051489983	-0.024637666	0.060168933	0.0860334	-0.17196372	0.13843943	-0.059243813	-0.010101375	-0.027006844	-0.010999479	-0.042744316	-0.003143927	0.046917774	0.009631621	0.12039058	0.025673615	0.13204601	-0.11770562	0.13091035	0.008896181	0.12025669	0.002977792	-0.045042936	0.2109663	0.033853013	0.025999509	0.007057732	-0.006962966	0.07658408	0.057949327	0.04839344	0.028418547	-0.018594606	0.09921661	-0.07940709	0.071226716	-0.09568196	-0.009542283	0.010141765	0.010517405	0.2408848	0.043158285	0.069217645	-0.053885486	0.1473555	0.045693554	-0.18166798	0.10066251	0.035090514	0.13308686	0.10745889	-0.06021839	0.013717017	-0.10413707	-0.13865599	0.055015102	0.07253244	0.0799848	-0.012356126	0.08078391	0.03631919	-0.021425204	-0.03165616	-0.09550756	-0.069865756	0.048567783	-0.053611767	-0.017721772	-0.08277119	0.069746	-0.043783717	-0.034158476	0.053259667	-0.0847321	-0.036857262	-0.013188216	0.07048113	0.06524713	-0.015094158	-0.12039864	0.12413472	-0.070394896	-0.09762639	-0.03985865	0.12453225	-0.0027965903	0.09407969	0.045527883	0.106946334	0.09116311	-0.06963124	0.0070317853	0.097862184	0.062914014	-0.115400374	-0.032493077	-0.0073918747	0.08802259	-0.13701978	0.045251697	-0.08279761	0.10686687	0.047222853	-0.044975717	0.03229952	-0.04917476	0.035572853	-0.04410287	0.15032789	-0.1145719	-0.096736945	-0.1145042	0.20822927	-0.029137831	-0.008057695	-0.12195464	-0.0155040175	0.0031129974	0.002408748	-0.14573328	-0.037079304	0.07643495	0.14860457	0.032327473	-0.10301125	0.06225604	0.069196604	0.07271544	0.01075496	-0.16215236	-0.13818763	-0.043051235	0.08603935	-0.02255677	-0.09925424	-0.05903027	0.04981638	0.065626875	-0.08630287	0.039423164	-0.036803316	-0.06482785	-0.074746996	-0.09433962	-0.07780669	0.03178234	0.046655945	-0.0025319678	0.017648462	-0.09159448	0.054408956	-0.29617667	-0.066828676	0.022475839	-0.13134068	-0.07332989	-0.15054666	0.098001994	0.0039243754	0.014369402	0.16280611	-0.20980771	0.04778437	0.05948088	-0.11022958	0.052639246	-0.08296971	0.05695872	0.06919139	-0.0056411596	0.107108206	-0.10026087	0.009120443	-0.043831933	-0.0007825372	-0.037641175	-0.063136384	0.023342282	0.025603259	-0.104399815	0.014913841	0.046883117	-0.078944154	0.24195407	-0.28515214	-0.112770714	-0.10129361	-0.03995882	0.027647538	0.013992516	0.17181881	-0.001931738	0.048310485	0.15385503	0.018306438	-0.007253848	0.13273169	-0.12726964	0.050057225	-0.0029483885	0.016449915	0.037092354	-0.06789779	0.061743546	0.063124344	0.0740923	0.03504007	-0.030688863	0.007174321	-0.099873036	0.031750973	0.042074803	-0.054802045	0.010146074	0.3930822	-0.058378495	0.07764761	0.06204054	0.052911676	0.02413465	0.1459556	-0.05121834	0.120593235	-0.10897523	0.040412866	-0.10365062	-0.104577914	-0.016575418	0.058174744	0.071091145	0.11168362	-0.057597138	0.1980322	0.07954713	
0.33241478	0.36150923	-0.2874348	-0.2803308	-0.2049578	-0.26459894	-0.14967783	0.12786017	0.13276944	0.109562956	-0.2653656	-0.2109948	-0.025418157	-0.112163015	-0.04033661	-0.26770237	-0.29115075	0.12755851	-0.08270292	-0.46022475	-0.012985294	0.17142503	0.030896178	0.014421379	-0.12648587	0.9981302	0.046233527	-0.18114394	-0.1334826	-0.14211228	0.2977896	-0.030826757	-0.18353769	0.102710254	-0.15376234	0.11007937	-0.31309953	-0.19150236	0.10034256	-0.124977276	0.013637847	0.23676924	-0.020811379	-0.057967167	-0.17742626	-0.24971047	0.047196843	0.07815919	0.024373943	-0.0744132	0.0515894	-0.1152722	0.0981563	0.15017414	-0.1497963	-0.152276	0.056249484	0.09006966	-0.44216996	-0.034952663	-0.15587077	0.13206902	-0.0016106453	-0.5740219	-0.07466572	-0.04030775	-0.34242374	0.074573226	-0.03874479	-0.32937774	0.10859272	-0.21053173	-0.18577167	-0.2686282	-0.08311204	-0.031783905	0.15655966	0.04353536	0.22122009	-0.32371593	0.32071516	-0.09410807	-0.13391525	-0.25804654	0.043869462	-0.12171098	0.193824	0.09553474	0.114729844	0.034088135	-0.120473936	-0.06042359	-0.22679612	0.4420645	0.0127759995	0.044560116	0.17106992	0.20828229	0.15775105	-0.03263799	0.25728926	0.06407136	0.14051299	0.18408282	-0.18396856	-0.106043704	-0.19542632	-0.112408295	-0.013682011	-0.027962647	0.2001916	0.2585345	0.12579966	-0.13229904	0.14471017	-0.11794073	-0.24424025	-0.2935829	-0.075662464	0.17729096	-0.09005895	0.079741	0.13371964	-0.17255063	0.077839285	0.036694158	0.09473798	0.07367875	-0.27972618	-0.07702281	0.08115803	0.025267558	-0.14589807	-0.117837586	0.19541945	0.018741658	-0.069823846	0.0915548	-0.06469602	0.25930616	-0.06640028	-0.064161	-0.15306272	-0.08169947	-0.1691396	0.089754924	0.08239725	-0.021974748	-0.06902623	0.20507555	-0.14250198	0.031749155	-0.19529997	-0.0014557883	-0.2188459	0.083322205	0.02375457	0.08089091	0.23951952	-0.0604414	0.15585783	0.023364287	0.10465747	-0.21533658	0.07799983	0.12212646	0.0024310728	0.13298166	0.12120939	-0.3371953	-0.045000423	-0.08173048	0.28803205	-0.020763882	-0.15118642	-0.14356425	0.22794701	0.02434849	0.16532154	-0.16389841	0.23980229	-0.13061567	-0.22623475	-0.48665303	0.1636375	-0.16540024	0.10917402	0.009069737	0.14495383	0.2518703	-0.37549558	0.075810306	-0.020742562	-0.34133855	-0.29041368	-0.0011740377	-0.05018931	-0.35677457	0.21922633	-0.020239629	-0.41389674	0.2179238	-0.21154961	0.0538079	0.01705	-0.022638788	-0.047737468	0.08591302	0.13880049	0.0167842	-0.2433442	0.24844134	0.11970285	-0.25078183	-0.12808941	0.1695474	0.39363894	-0.18253711	-0.13635468	-0.03493111	-0.41119736	0.04631677	-0.15957451	-0.34956163	-0.00932983	-0.008155122	0.20764977	0.0621133	-0.06434189	0.31206748	-0.12736091	-0.08764298	0.22122289	0.01788124	0.06602562	0.07880636	0.14086874	0.1477603	-0.24063794	0.10385887	-0.010775331	0.12675442	-0.065460205	-0.070204884	-0.112412505	-0.15851574	-0.06356923	-0.0010930651	-0.14489326	0.17994826	0.065684	-0.2965369	0.27600157	-0.070648074	0.30970594	-0.0051924656	-0.13151534	0.06475669	-0.06716258	-0.2698967	-0.18549913	0.23888645	-0.13802172	-0.23872325	-0.44247502	0.08093023	0.021450382	0.09611616	-0.19044033	0.18321908	0.11336363	0.017401494	-0.03868778	0.31834015	0.41185746	0.16293322	0.09015944	-0.1567124	0.0063789557	-0.064116396	0.21332929	-0.09544464	-0.17566071	0.021929359	-0.1730477	-0.113210194	0.50896436	-0.121455036	0.035126537	-0.3437383	-0.021297526	0.09825974	0.10117001	-0.0228377	0.053605318	-0.15919396	0.0103967935	0.29934147	-0.17105427	0.05986198	
0.12794112	0.22794303	-0.08536271	-0.047535032	0.36720228	-0.032697063	-0.26954606	0.12803823	-0.12853114	0.165136	0.12192673	-0.04711924	-0.030618547	-0.22103553	-0.18580423	0.15346853	0.11222243	0.16135876	-0.11302075	0.12353045	0.13228352	-0.10270983	-0.2128617	-0.16077812	-0.2552332	0.9028482	0.23371655	0.03970604	0.0905367	-0.022415958	-0.055781305	-0.1713068	-0.01882791	0.10795196	0.126823	-0.20299678	-0.040969897	-0.1348922	-0.2632195	0.20757681	0.0037095721	-0.2285926	-0.122820884	0.25743896	0.1125793	-0.117594935	-0.1806417	0.2041848	-0.038580943	0.25934452	0.15960431	-0.09065454	-0.2762299	-0.07533827	-0.3433418	-0.24166347	0.30312258	-0.0045629535	-0.31675914	-0.31666115	0.13379663	-0.052449677	-0.1338847	-0.43313393	0.22754906	0.29071465	-0.15105075	-0.088529296	0.15613976	0.26719514	0.22012694	-0.33286616	0.09348234	0.112676464	-0.21239609	-0.35097325	0.00281362	-0.037738897	0.38712355	-0.11780812	0.1316458	-0.23408061	-0.1973494	-0.20956793	0.0024238632	-0.1243977	0.06406132	0.049938608	0.07071098	0.13188787	0.23490046	0.08253448	-0.07018604	0.0004757549	-0.24543217	-0.026971499	-0.0016386128	-0.037085783	0.013718974	0.22086588	-0.3383826	0.3988066	-0.058340203	0.16532135	0.14248529	0.07202045	-0.12806705	-0.07987192	0.1404518	0.1474418	0.055533405	-0.22226897	-0.15962684	0.21313643	-0.08109909	-0.141041	0.081950665	-0.15805088	0.4014569	0.18069924	-0.013646739	0.26249194	0.41809282	-0.10550717	-0.065236084	0.11002454	0.12374136	0.0014684648	-0.25761914	0.016257301	-0.12975055	-0.27534848	0.15892157	-0.18050668	0.0068310266	0.20414153	-0.14612086	-0.07580191	0.11294628	-0.09144143	0.024968179	0.31896403	0.18287273	-0.19846098	-0.0072492906	-0.3013992	0.20504501	-0.12367212	-0.21411315	0.1796257	0.025695011	0.08123861	0.170839	0.2907073	0.12989783	0.30608007	0.10703537	0.029992716	0.041550864	-0.12828082	-0.23753993	-0.15786916	0.08291154	-0.11620374	0.032557532	0.06353244	-0.084029	-0.002572088	-0.4056256	-0.11229235	0.15402754	-0.26303318	0.33192533	0.054236144	-0.2004797	0.017489854	-0.1885423	0.24003392	0.36118597	-0.22303835	0.16894162	0.051361885	0.05476057	0.017565738	0.16199264	-0.6233291	0.16391279	0.04355548	-0.11213538	0.10540768	-0.2770812	-0.33011395	-0.071107656	-0.29995435	0.023531709	-0.31313944	0.03915667	0.03025151	0.21050234	0.1513667	0.1420676	0.011804033	-0.051751807	0.16938348	-0.05777903	-0.020205457	0.034435097	-0.17626603	0.39288652	-0.07845861	-0.17566247	-0.07989806	-0.15590104	0.088432916	0.025936294	0.13366936	-0.3190186	-0.13524143	0.06738846	0.004362168	-0.4183647	0.09522955	0.0341369	-0.29147562	-0.158661	-0.24336487	-0.23682767	0.3584236	0.08792281	0.07468544	-0.39200032	0.30678308	0.3321086	-0.105587795	-0.22045137	-0.037031237	0.048486546	0.039224163	-0.24227904	0.040353034	-0.00047610217	-0.028693853	-0.40993127	0.088990755	0.14994362	0.0055541745	-0.09107388	0.06340503	0.0051627215	0.33948672	-0.20168668	0.026531864	-0.18301827	-0.010132622	0.13228504	-0.027067754	0.084983476	-0.056299742	0.004674049	-0.09284659	-0.33574483	0.28368285	0.104981266	-0.25004584	0.07337772	-0.06470418	0.14078318	0.17227818	0.08059602	-0.21601032	0.16885033	0.2629702	0.0845998	0.028692031	0.028942065	0.039542776	0.16266613	0.15828395	0.0137306675	0.07667724	0.042521242	-0.29146603	-0.3652488	-0.13261446	0.037258897	-0.13398263	0.1924986	-0.05569166	-0.22925389	-0.015222935	0.061795127	0.13848333	-0.24965566	0.15566456	0.012708294	0.25791764	-0.21940847	-0.040364455	-0.10382367	0.010245199	
0.24807806	0.13929798	-0.09798738	0.16147102	-0.09627917	-0.04628139	0.41570055	0.09442665	0.064220436	0.014433183	-0.43080646	0.22177023	0.26045823	-0.040149074	-0.21694534	-0.18748102	-0.13959472	-0.21340676	0.061479516	-0.015028847	0.1075392	-0.29671222	0.21678822	-0.5222077	0.06797768	0.9854277	0.072819695	-0.1746246	0.029902097	0.029919093	-0.04145917	-0.12365575	0.22120395	-0.12342285	-0.025164228	0.01760968	0.09030099	-0.20242555	-0.0553079	-0.14443132	0.09651319	-0.37278336	-0.017253673	0.10250982	0.1598632	0.31993994	0.14400578	0.1209144	0.38043815	0.336371	0.06942254	-0.031157095	-0.15513705	-0.15308093	-0.31010398	0.048554298	0.059707187	0.041602053	-0.31271905	0.05562977	-0.26594839	-0.22120677	0.2571511	-0.042416815	0.008495774	-0.0019542563	-0.30021083	-0.030080598	0.18593645	0.16745503	0.06301988	-0.019560311	-0.013232658	-0.121489964	0.030814882	0.021609513	-0.29723555	-0.19024079	0.05497048	-0.14670189	-0.13393037	-0.18127255	-0.16564417	-0.18669365	0.040874373	0.058692813	0.10492897	-0.39291722	0.10481818	0.21717826	0.21579267	0.4150047	0.11565964	0.37442675	-0.061868872	-0.17318067	-0.05572809	-0.28194028	-0.49968025	0.19566606	-0.15684627	0.026820082	-0.016982881	0.09336977	0.08954448	-0.049216703	-0.12915589	-0.02808776	0.09353743	0.026592415	-0.42220718	-0.022935996	0.18771961	0.2965213	-0.040228646	0.14514925	0.14387794	-0.15318242	-0.09629778	-0.28984413	-0.09246345	-0.11154739	0.20846698	-0.12750718	0.08594493	0.08116325	-0.11247032	-0.2103313	0.12809567	0.14782973	0.19480197	0.064691566	0.15246777	-0.123803675	0.043270655	0.4357897	0.1160632	-0.13195996	0.27684057	-0.068315335	-0.105013266	0.37001723	-0.3729956	-0.21344978	0.449243	-0.15747286	0.29672098	-0.2161235	-0.38894963	0.10496489	-0.08582398	-0.045455277	0.26083237	0.17912288	-0.07514399	-0.124928765	0.097290754	-0.20989875	-0.074478365	0.09921301	-0.14837006	-0.13434093	0.097477324	-0.11640242	0.32290053	0.032787196	0.049096964	-0.39510348	-0.067063406	-0.16499251	0.2658493	-0.13542485	-0.23174967	-0.19234806	-0.17704564	-0.06665914	-0.043253545	-0.11508041	0.29888108	-0.07775515	0.066917166	0.09844981	-0.15492806	-0.29230133	0.24264216	-0.1838337	0.26673773	-0.2219359	-0.026354212	-0.08784406	0.19223638	-0.38135165	-0.1433638	0.06546329	0.16745804	0.026868416	0.105520315	0.4123881	0.19142544	-0.15011163	-0.016546212	0.18686177	-0.22672115	0.058719963	0.005672874	0.06819042	-0.17683648	0.04608964	0.17360552	-0.016521757	-0.24659882	0.042573612	-0.068257555	0.18729559	-0.099583626	-0.21327217	0.043298125	-0.116348274	0.2553232	-0.13782938	-0.29375637	0.09114092	0.17387752	0.12529881	-0.59183663	0.05105838	-0.04607536	-0.07003273	0.3347752	0.12689571	-0.4156749	0.090757184	-0.04426585	0.2930351	-0.14369704	0.2584554	0.29442585	0.07837811	0.11887963	-0.014134494	-0.039856423	-0.082164295	-0.097950324	-0.1513763	0.029878873	-0.10481864	-0.18977512	0.13948154	0.24747552	0.33143562	0.01764984	0.0029248393	0.06758404	-0.22219877	0.12809376	0.0005016378	0.1503025	-0.04251292	0.16780609	-0.18684655	-0.3989276	0.11006727	0.03915641	-0.019995766	-0.14324467	0.0010416302	-0.22915758	0.123132594	0.21610717	0.1037156	0.14871834	0.09244349	0.34761244	0.2574607	-0.022601055	0.04619462	-0.509026	0.052631617	0.27782437	0.3663872	0.030285995	-0.06328301	-0.69967115	0.17707348	0.053377744	0.14023599	0.01931412	0.12170423	0.0030366695	0.0064347475	0.03081859	0.23740286	0.3109239	0.34190243	0.0659292	-0.12215075	-0.3315311	0.29039007	0.029917555	0.20172048	
0.11001738	-0.04637247	-0.25927758	-0.027526828	0.24362229	-0.06280693	0.06727955	0.06989342	-0.14828847	-0.106386974	0.35255054	0.01673893	-0.15382749	0.11298301	-0.24298887	0.007303011	0.14082587	-0.08358944	0.19624098	-0.22828506	-0.07358543	0.2817685	-0.11734843	-0.3554129	0.30516547	1.0734397	0.02989064	-0.07868048	0.54205394	0.5512356	-0.1865833	0.3305923	0.39107192	-0.032190476	0.085818656	-0.1496139	0.23949724	0.081886046	0.1642635	-0.27508634	0.02639716	-0.27138585	0.1255791	0.31804955	0.3524727	-0.21451889	0.22029734	-0.049934857	0.097349845	0.015861012	-0.0015164621	0.09647639	0.15679957	0.0020873891	-0.08357168	-0.18310438	-0.25580934	0.05575916	-0.48108014	-0.09990046	-0.28107125	-0.22236064	0.23276271	-0.11385381	-0.12536825	-0.17580701	-0.13497567	-0.089559376	0.022360923	0.012528912	-0.014896115	-0.43979314	-0.25566885	0.057300635	-0.07243909	-0.16690022	0.00826811	-0.06482295	0.306842	-0.025770003	0.26161316	0.15080485	0.08435482	-0.07087182	-0.043433283	0.049790457	3.2381486e-05	-0.38594532	0.28211632	-0.10015903	0.022040261	-0.32897657	-0.3960827	0.40612403	-0.23298015	-0.26982948	-0.0033963218	-0.03114969	0.0034016853	0.15891519	-0.09038158	-0.0468785	-0.062288847	0.37608194	0.32961488	-0.12085644	-0.18695141	-0.13003668	0.29547822	0.22171715	-0.06226592	-0.06609349	0.2042485	-0.30110428	0.25680578	-0.0076788682	-0.027902184	0.05432775	-0.14109413	0.091945566	0.19764334	0.23495395	0.09283956	0.14607532	-0.10574621	-0.16175248	0.07156748	-0.071348034	0.06343427	0.36262137	-0.1896515	-0.19731356	-0.06929814	-0.30929714	0.23778209	-0.09048084	0.1986149	0.30723536	0.21586655	-0.22573781	-0.24864408	0.37592208	0.07391688	0.06583262	0.01285934	0.04695626	0.11671415	0.08060322	-0.022996766	0.13528894	-0.32233608	-0.4455298	0.08594992	-0.18548553	-0.20618826	0.058915686	0.34124643	0.22610818	-0.041440707	0.09186612	-0.40273196	-0.35124645	-0.10702631	0.09292428	-0.10435289	0.14748248	-0.054485317	-0.05485936	0.12461732	-0.034629907	0.08441209	-0.1708961	0.2448875	-0.018648662	-0.4127044	0.17243803	-0.049323004	0.33770025	0.28208768	-0.15720658	-0.17707337	0.13609475	-0.1775608	-0.17512023	0.16837555	-0.10578422	0.45742992	0.20842879	0.14374089	0.12964872	-0.24044906	0.029304272	-0.06973079	-0.10593457	0.42116377	-0.019827142	0.16613074	-0.30758652	0.41919705	0.1318222	0.30693644	0.6278305	-0.2607795	0.07655075	-0.33254245	-0.010907424	-0.12518625	0.23977906	0.124923244	-0.0582016	-0.44338658	0.36788347	0.10100772	0.05120507	-0.055411026	0.08313691	0.111470126	-0.0195658	0.1815426	0.061451986	-0.1901715	-0.29453182	-0.091524936	-0.10542483	-0.08263967	0.0009858457	0.010568462	-0.15939264	0.08749332	-0.023331838	0.27079138	-0.06097893	-0.29110724	-0.19952728	0.14222008	0.1979737	0.2029059	0.18712623	-0.054919697	0.07649344	0.14433469	-0.073687896	0.03153002	0.25343204	0.03529166	0.05949871	-0.15046613	-0.08912266	0.16016975	0.27207884	0.16447037	-0.114591084	-0.06370191	-0.2437468	-0.04093761	0.118066944	-0.17574412	0.21350534	-0.08832207	0.24182642	-0.036836892	0.07879775	0.04672847	-0.111674756	0.29800197	-0.019932179	0.45155916	0.25743246	0.06730152	-0.011436208	0.19987132	-0.13932694	-0.25928262	0.3222205	0.09134632	0.14525007	-0.16020453	0.14831905	0.17738475	-0.09916924	0.03541887	0.17761536	0.2463073	-0.13211782	-0.350751	-0.17420608	0.20769826	-0.02093969	-0.20226184	-0.19069847	0.17556597	-0.029585633	-0.037831903	0.2794337	-0.34629077	0.02226468	0.0394236	0.20099477	0.17770167	-0.21565023	
-0.03662929	0.010982895	-0.012966495	-0.0149280615	-0.023514355	0.021663794	-0.002552615	-0.012492777	0.022474915	0.04539802	-0.007307573	0.014086766	0.02992653	-0.021407511	-0.0014475794	0.008066732	-0.03801836	-0.0068036974	-0.018944278	-0.024659995	6.811018e-05	-0.01876604	0.009339163	0.017083	-0.043237805	0.1815546	-0.033166386	-0.008154893	0.037461795	-0.03753343	-0.010974983	-0.03157571	-0.001305921	-0.0021087718	-0.04539947	-0.00053371396	-0.04542962	0.022520883	-0.00013242755	0.014725264	0.026373703	-0.05212441	0.004245071	0.02965173	0.020309795	-0.046882715	0.020977207	0.01944144	0.047340922	-0.046812426	0.05627659	0.014756607	0.09163391	-0.05682061	-0.0050318874	0.07092126	0.04291512	0.026660055	-0.016715575	0.030421017	0.010701147	-0.05317894	0.014236168	-0.0330605	-0.031839587	0.02424255	-0.005303415	-0.038531367	0.043160327	0.027516913	0.0033991458	-0.066857375	0.055193823	0.091573045	-0.046595696	-0.017370623	-0.047240805	0.009174099	-0.014031188	-0.079794936	-0.0364018	0.032639418	0.004177138	0.0013291966	0.028984258	-0.074601226	0.012299569	-0.07673631	0.016239906	0.092820495	0.019151822	-0.010241894	-0.055855095	0.04897786	0.025780106	-0.039381243	-0.053014584	-0.07379176	-0.021722881	0.0013842797	-0.045056045	0.0019406851	-0.0014927746	-0.01901006	-0.052111436	0.01412622	0.0066504884	-0.021355188	-0.032034308	-0.066648856	-0.01381574	-0.0054889834	0.0018727819	-0.024121737	-0.03275989	0.03657196	0.044631653	0.010045863	-0.005982554	-0.017615672	0.026908178	-0.04924533	0.080150016	-0.007099596	-0.05830729	-0.007149269	-0.025979962	-0.09204647	-0.013590725	0.09411074	0.055322565	-0.06470491	0.0616561	-0.04198782	0.019933254	0.06443136	-0.033791747	0.007836247	0.000438096	-0.046832915	-0.009391981	0.014641978	-0.061495833	-0.03635131	0.039515328	0.026994422	-0.036517717	0.05258142	-0.005093636	0.008779674	-0.035149537	-0.00039780186	0.0026138253	0.007957372	-0.03379415	-0.016606888	0.050043322	-0.036008406	0.010990409	0.06542578	0.042428836	-0.051748637	-0.046235755	0.027308172	0.0032099257	0.054480232	-0.038775902	0.021099254	0.006630004	-0.061623953	-0.052646928	0.019245446	-0.04332737	0.020879295	-0.048629962	-0.044640053	-0.020216247	0.066503555	2.1108426e-05	-0.06287226	0.009693701	0.015332062	-0.04213354	0.037774533	0.008650379	-0.13846046	0.033269357	-0.02389832	-0.06576535	-0.028061278	0.056273155	0.058974456	-0.025216186	-0.02563347	-0.018178651	-0.050407927	0.022026014	0.015676908	0.08543559	-0.03296887	-0.019961571	-0.0017264484	0.0098221535	0.0120424675	0.04674921	-0.028842952	0.035514887	-0.018629614	0.033285286	0.037236195	-0.09110527	0.021946812	-0.108922236	0.01849458	-0.013879808	-0.044025924	-0.027546534	0.013648044	-0.030913886	-0.008628954	0.00045201462	0.0086677	0.0133271385	0.0332806	-0.0416757	0.015656939	-0.029217597	-0.061963513	-0.018726997	0.020286804	-0.0026664734	0.044340182	-0.035707295	-0.014314817	0.040303834	-0.018522572	-0.024608457	0.023868598	0.016813751	-0.010282481	0.0178226	-0.011403731	-0.020786148	-0.0054245973	0.035656676	0.026835723	0.014321544	-0.020476809	0.00476374	-0.015474895	0.022355681	-0.03598114	-0.057421185	-0.050628442	0.028501105	0.015912913	0.04872005	-0.020335391	-0.025074223	-0.0478668	0.030505715	0.0700053	-0.011908723	-0.02507608	-0.07872956	0.025214404	-0.014788289	0.06144991	0.03994436	-0.007842779	0.016997127	0.013777059	-0.022883523	0.03437744	0.02823352	-0.041975923	-0.048654974	0.009485109	0.0036590083	0.058626734	-0.031892177	-0.0011566672	0.016042829	0.030272182	0.04800205	-0.00065584667	-0.079357326	-0.04447346	-0.010819901	0.05431726	-0.0121422745	-0.068268634	-0.018380811	0.05877818	0.018432885	-0.03912612	0.037500806	0.043740585	-0.05828548	-0.019438906	
-0.12812288	-0.030760458	-0.28765926	0.052439284	-0.13677135	-0.11968889	-0.03973664	0.0063066413	0.08677498	0.029055366	0.2709081	-0.016657589	0.16264966	0.03475096	0.13436446	0.07037884	-0.16401687	0.022447249	0.020701738	-0.10421595	0.10100671	-0.044282425	0.023667037	-0.02135533	-0.1370615	0.9225273	-0.022939365	-0.06744481	0.053733546	-0.24183811	-0.21709493	0.09630344	-0.10604342	-0.18826617	-0.06996267	0.021722732	0.03569831	-0.069081455	0.060213756	0.002682931	0.10569725	-0.0354223	0.047317456	-0.17897667	-0.0022313935	-0.2849108	0.27443957	0.17825	-0.18323901	-0.22701497	0.17706111	0.08992355	-0.16247885	-0.10252401	0.020500831	-0.18793759	-0.17575635	-0.15183647	-0.4094774	-0.08415157	0.06324651	0.03865736	-0.069444984	-0.16568951	-0.19581188	0.1467985	-0.07430837	0.039028276	0.1752019	-0.03933663	0.13806419	0.13477436	0.1706207	-0.057245135	0.185767	0.2907757	-0.006264555	0.027218606	0.061742585	-0.0501326	0.09176873	-0.08867996	0.121517174	-0.20033778	0.06920177	-0.079298265	0.18212451	0.29884756	-0.07017414	0.07556273	-0.1357377	-0.012489157	0.030020276	0.44487816	0.18605155	0.19650745	-0.17984861	-0.10627135	-0.13591072	0.3319027	-0.25131768	-0.081756316	0.26942343	-0.047768217	-0.11316035	0.0073602693	-0.29768676	0.0277229	-0.2785326	0.056812342	0.18232201	-0.06724748	-0.059540197	0.22036445	0.1526288	-0.09264953	0.12452756	-0.18583366	0.003778718	0.11251599	-0.092674404	0.04411039	0.064017475	-0.25367254	0.15070082	0.031736813	0.34214976	-0.16834274	-0.29830402	0.40062144	-0.12844102	-0.03256803	0.07989949	0.11378272	0.109095566	-0.006867575	0.008191173	0.0052930256	-0.09515817	-0.052723393	-0.1860804	-0.020207116	-0.04563011	-0.050694138	-0.28754225	-0.047273662	0.17357148	-0.07594429	-0.08501637	-0.17395283	-0.28621963	-0.047725346	0.07906342	0.14156911	-0.025408447	-0.3515796	0.06915074	0.29814747	0.03204358	-0.056062598	0.12358995	0.15901656	0.28412905	0.1450561	-0.35891107	0.11215139	0.35833764	0.02087825	-0.28496516	-0.27851436	-0.06635234	-0.26984918	0.03339368	-0.26979876	-0.007934238	-0.14233084	0.14617719	-0.21188357	0.054437157	-0.070954844	0.20380676	-0.2776522	0.07354513	-0.06293343	0.16349119	-0.31027296	0.027103528	0.0022207694	0.030038787	-0.03291346	-0.030744921	0.1762558	-0.09488161	0.22789258	-0.29242212	0.32216707	-0.13537179	0.04295793	-0.16578004	-0.40121537	-0.07292334	-0.021716012	0.035879076	0.024894366	-0.030741425	-0.12519287	-0.015103248	-0.27522087	0.025335044	-0.0037491173	-0.10895787	0.19835973	0.114100054	0.04395217	0.40308458	0.15193214	0.21356583	-0.17819999	0.016203841	0.07729813	-0.29618755	-0.008964886	-0.053834025	-0.058753952	-0.003407045	0.059423286	-0.0630042	-0.016465826	0.004919484	0.2244744	-0.14151652	-0.048202474	0.18357444	0.05569479	0.036237016	-0.035218958	-0.08697621	0.004404204	-0.030561153	-0.3536728	0.11220993	0.26787397	0.019303657	0.06636144	0.05470827	-0.088611096	0.09333526	0.09845503	0.23155835	-0.002995345	-0.08918008	-0.13412498	0.23250161	-0.15862858	0.36705926	-0.14936157	-0.07506977	-0.17867935	-0.15544756	-0.2577351	-0.17368609	0.38214874	0.013287458	-0.23815446	-0.07151709	-0.18349007	0.118147746	0.25685346	0.20806403	-0.27794978	-0.06857041	-0.19131571	-0.21335489	-0.08829327	0.25217322	0.16815566	0.09976299	-0.06440604	0.102065414	0.19030619	0.30206412	0.03989713	-0.22820741	-0.2826974	-0.079659455	-0.08937789	0.2099666	0.12499053	0.059037916	-0.0063935113	0.07809587	0.4560256	0.26999184	0.1894304	-0.108148254	0.0778869	-0.10522459	-0.40833512	-0.055660848	-0.16806549	
-0.1276983	0.12632947	-0.3088959	0.20178626	0.09168875	-0.08898171	0.02860998	0.11928064	0.046311013	-0.14748344	0.19971992	0.15105318	0.07416758	-0.12828813	0.30908886	0.12556238	-0.02986108	0.081886105	0.017911498	0.02223664	-0.20144501	0.22293715	-0.22664055	0.07783875	0.15906648	0.9285084	-0.007617586	-0.036065586	-0.3610896	-0.31601194	0.11098828	0.10542819	-0.11146845	0.10293745	0.024160137	0.06322936	0.027165381	0.20154151	-0.13154346	0.034597628	0.21604885	0.08124013	0.22032993	-0.17828093	0.13228758	-0.14828856	0.07318139	0.09164342	0.0057433085	0.03579819	-0.27684355	-0.15693378	-0.014221071	0.044623714	0.054917593	-0.10960194	-0.19557816	-0.09701887	-0.34087315	-0.2013084	0.15947697	-0.288218	-0.27130094	-0.16627403	-0.12433361	-0.10982399	-0.29811674	-0.039285198	0.06783534	0.25339043	-0.1701326	-0.019654188	-0.0007521078	0.13844514	0.14477259	0.17499818	0.1741597	0.16281348	-0.11674454	-0.2641292	-0.1328107	-0.20375289	0.04461664	-0.115508124	-0.095154114	-0.098168865	0.018842233	0.05975999	-0.008708321	0.035228014	-0.25316817	-0.025049139	0.15966955	0.46373358	0.30041292	-0.027759178	0.05855622	-0.036088422	0.054277815	0.21039414	0.049897034	0.3037652	0.049541686	-0.105764695	0.21403782	-0.16994433	-0.0828369	0.051939078	-0.082611315	-0.068118684	0.034397326	-0.17143182	-0.24225087	-0.108473	-0.22344226	-0.16076422	-0.041330818	0.00096322165	-0.006690071	-0.02048006	0.06446414	-0.05709373	-0.10438926	-0.066311635	0.25687072	-0.13965505	-0.057162873	-0.084868625	0.37330234	0.07439951	-0.053055827	-0.05266331	-0.07236271	-0.07903121	-0.14300387	0.27774873	0.30362782	0.027513178	0.12316453	-0.08306549	-0.051931668	0.19353606	-0.019408349	-0.030612824	-0.056235533	0.22267146	-0.1337624	-0.05183799	-0.19198565	0.13161841	-0.15177327	-0.105841905	-0.08744912	0.27608693	-0.25969306	-0.37446317	-0.049987715	0.18114942	0.1325328	0.11437532	-0.15291338	0.09969571	0.18990238	-0.14715017	-0.11487076	-0.045154564	-0.06824273	0.091921486	0.27707267	-0.0032585834	0.041220248	0.034041353	-0.12653606	0.114846386	-0.23236544	-0.03916272	0.020593677	-0.09645173	0.052546106	0.093223296	0.20862474	0.14759533	0.069926016	-0.11441625	-0.12543102	-0.12029335	0.120453954	-0.017395971	0.09130278	-0.19480567	-0.23585849	-0.11259293	-0.030177437	0.085275985	-0.13901615	0.19268365	-0.18021302	-0.010814999	-0.15113598	-0.3534981	-0.06355431	-0.057454664	-0.047171373	-0.029135872	0.081139736	-0.17193498	-0.112779796	-0.016942993	0.05585155	0.22689317	0.15777053	0.11527703	-0.29415932	0.067990415	0.18245356	0.08301137	0.005450374	-0.092423744	-0.123112984	-0.10208306	0.08709957	0.01959456	0.037908975	-0.027111676	-0.080942445	0.12509511	0.2024398	0.06342878	-0.15231861	-0.15410931	0.091020204	-0.06071824	0.025195336	0.14373711	-0.16642383	-0.27114064	0.05428334	0.03225582	-0.09294349	0.073068395	-0.061548773	0.29434597	-0.2344721	0.07851517	0.12803704	-0.17901526	0.13164696	-0.0805342	0.34854466	0.03158934	-0.068879575	-0.03430349	0.050796468	-0.18953253	0.13416588	0.23278931	-0.07943334	-0.23805566	-0.14248802	0.18372619	-0.121801436	-0.073255345	0.039093442	-0.22969373	-0.047570884	-0.05398101	0.054576654	0.10596598	-0.073382	0.019321451	-0.20870219	-0.08812782	-0.0021875766	-0.06124481	0.21559592	-0.082415484	0.15076037	0.2828345	-0.12281863	0.20599268	0.18948151	-0.10532211	-0.34411523	-0.0018818193	-0.07234577	-0.38117713	-0.001606859	0.04602143	-0.054343704	0.051503714	0.047303066	-0.11258624	-0.042609133	0.10364592	-0.035733018	0.27401325	0.040564656	0.0067881746	0.18098772	0.12395769	
